{
  "factors": [
    "Alpha1",
    "Alpha2",
    "Alpha3",
    "Alpha4",
    "Alpha5",
    "Alpha6",
    "Alpha7",
    "Alpha8",
    "Alpha9",
    "Alpha10",
    "Alpha11",
    "Alpha12",
    "Alpha13",
    "Alpha14",
    "Alpha15",
    "Alpha16",
    "Alpha17",
    "Alpha18",
    "Alpha19",
    "Alpha20",
    "Alpha21",
    "Alpha22",
    "Alpha23",
    "Alpha24",
    "Alpha25",
    "Alpha26",
    "Alpha27",
    "Alpha28",
    "Alpha29",
    "Alpha30",
    "Alpha31",
    "Alpha32",
    "Alpha33",
    "Alpha34",
    "Alpha35",
    "Alpha36",
    "Alpha37",
    "Alpha38",
    "Alpha39",
    "Alpha40",
    "Alpha41",
    "Alpha42",
    "Alpha43",
    "Alpha44",
    "Alpha45",
    "Alpha46",
    "Alpha47",
    "Alpha48",
    "Alpha49",
    "Alpha50"
  ],
  "correlation_matrix": [
    [
      1.0,
      -0.11164081963600113,
      -0.068755300899586,
      -0.40064965344903614,
      -0.37714434743278274,
      -0.08205352946608967,
      -0.2637744746098081,
      -0.2785244880263388,
      -0.22999848187103852,
      -0.1866803098943221,
      -0.10558188537825186,
      -0.09424906843131364,
      -0.13630843957347577,
      -0.056005247295822395,
      -0.08381650041796912,
      -0.11405512764864406,
      -0.32538517772608616,
      -0.24234147576644233,
      -0.23433231388726822,
      -0.2603723796951875,
      -0.21044540188732744,
      -0.07901393967213483,
      -0.17931438873975944,
      -0.1866167603600013,
      -0.3995268197098593,
      -0.0607007221627496,
      -0.08101028270937931,
      -0.09616524544681877,
      -0.03590551521217931,
      -0.5349554700193901,
      -0.22464957672941255,
      -0.02254513052678008,
      -0.29905747122039683,
      -0.37107001453910704,
      0.2971959379193247,
      -0.15234888925209425,
      -0.25689715595271334,
      -0.5256879131823509,
      -0.3316400669084223,
      -0.09474517598719534,
      -0.1463891742002606,
      -0.14222479065384352,
      -0.20365057122360058,
      -0.10411042049897969,
      -0.06868462858185541,
      -0.17365287386859177,
      -0.22739610101313198,
      -0.04771331828964994,
      -0.19183892407999145,
      -0.0636817463626086
    ],
    [
      -0.11164081963600113,
      1.0,
      0.0053354328765540604,
      0.21926978173116649,
      0.18514424850164837,
      0.005002857906311208,
      0.1897777385294509,
      0.1754690310708531,
      0.04210909929247203,
      0.013128522472715348,
      0.07579007586181803,
      0.11308144584677832,
      0.2949265723254677,
      0.003873640017892089,
      0.081549318399634,
      0.12426196134679698,
      0.13754664441396175,
      0.044905149939699664,
      0.21201259284951524,
      0.050014335221875206,
      0.04263681308224408,
      0.05785275475609166,
      0.04459432129734649,
      0.07943081587820468,
      0.06637581897620934,
      0.16292225975393992,
      0.18847612070974856,
      0.006814058730880749,
      0.05816325588966261,
      0.10954999556500743,
      0.07860846774888948,
      0.003888243127684454,
      0.07643629292873612,
      0.051958360204828406,
      -0.13628083357573445,
      0.04014043444892381,
      0.05220988796991806,
      0.1854210330530461,
      0.23697823836476192,
      0.12055450655120165,
      0.035676733947355134,
      0.006580300441934978,
      0.13368723804683302,
      0.12858346309876045,
      0.10687475552538143,
      0.12120970457584111,
      0.12772469684592347,
      0.006922724220667574,
      0.06722018785093216,
      0.19910462239313856
    ],
    [
      -0.068755300899586,
      0.0053354328765540604,
      1.0,
      0.10600947689296127,
      0.09409279589462245,
      0.5832730970375857,
      0.28112502097422065,
      0.07822173153451174,
      0.017381105026568373,
      -0.010451923254213737,
      0.028997164843867242,
      0.03632975123254174,
      0.29727980749877064,
      0.48947811857488793,
      0.2593619505258517,
      0.3686491525544175,
      0.054442947483081705,
      0.023304066621093394,
      0.1196226829919882,
      0.04436508063897154,
      0.00031662187485965136,
      0.0031352989027513445,
      0.07456327089178176,
      0.06822594468807097,
      0.04753727161637356,
      0.21969496439281022,
      0.41927666388960505,
      -0.015477340832309653,
      0.053500868255518315,
      0.09417104016456755,
      0.017448493670355027,
      0.018764042708259213,
      0.03442281220789898,
      0.046817333111236745,
      -0.1011004985208899,
      0.11689192568544174,
      0.035513275732775795,
      0.08311694105390077,
      0.07190670770597168,
      0.5229034853810243,
      0.021958653599049652,
      0.002730463698324074,
      0.09494966889189665,
      0.3103993362743054,
      0.037018408049878736,
      0.05589058715714742,
      0.055286534243777316,
      -0.002931988187107116,
      0.050879459036633316,
      0.42955451779839027
    ],
    [
      -0.40064965344903614,
      0.21926978173116649,
      0.10600947689296127,
      1.0,
      0.5065840368043937,
      0.15785156606282352,
      0.4231229372450852,
      0.45493043763072644,
      0.13738658901607387,
      0.06699294166937665,
      0.19058130733585335,
      0.14165761548679132,
      0.24534087874192415,
      0.12491407400529485,
      0.14657889656783038,
      0.17788758441919572,
      0.2734298458136213,
      0.16789915808570788,
      0.40103197126894274,
      0.2887607128568225,
      0.14242433024251847,
      0.10773520129772407,
      0.15343736307051645,
      0.21400747208984125,
      0.26722589358600407,
      0.18132937133683083,
      0.14982286090457084,
      0.057363551032300265,
      0.14892228191955273,
      0.4527571076506823,
      0.23282000305946796,
      0.015209337402767103,
      0.21612703063662214,
      0.21196787395514155,
      -0.2898341669132713,
      0.12834173636924182,
      0.169396599530211,
      0.5145119900253724,
      0.5798715818110373,
      0.2110460879605858,
      0.04478530953282318,
      0.06879307121132582,
      0.3150852012060779,
      0.1883037009091523,
      0.11899259689862322,
      0.2654495959830802,
      0.3643556430769279,
      0.03189678343292648,
      0.16307275518683972,
      0.14969365265072213
    ],
    [
      -0.37714434743278274,
      0.18514424850164837,
      0.09409279589462245,
      0.5065840368043937,
      1.0,
      0.11956492984706031,
      0.359564135776068,
      0.4054628646576737,
      0.23565183964385197,
      0.1865024890036477,
      0.3405511605490579,
      0.10480029406202732,
      0.18945609430242033,
      0.10130131454651689,
      0.12886215367166431,
      0.14137285974726654,
      0.3662521536016252,
      0.42214882922509955,
      0.3932597807888062,
      0.12534928843223406,
      0.13567967171865059,
      0.08505482311155026,
      0.12441587422471624,
      0.18435216815375913,
      0.3498977271971507,
      0.1692385881837,
      0.1216031566929704,
      0.1596459162632828,
      0.1265172378934096,
      0.4142321126655979,
      0.25331933995379813,
      -0.006475828532762476,
      0.45027110109962504,
      0.29937833775636014,
      -0.3085146097621727,
      0.30113152860958375,
      0.4453897894136725,
      0.6830522837400792,
      0.5905045960300007,
      0.17593035789184133,
      0.4799539665786179,
      0.2940698525513441,
      0.25690783885503665,
      0.16282561436947982,
      0.07181541254298844,
      0.2578897628891741,
      0.41015551082624285,
      0.056199593802969273,
      0.25580773788228656,
      0.1395327482263562
    ],
    [
      -0.08205352946608967,
      0.005002857906311208,
      0.5832730970375857,
      0.15785156606282352,
      0.11956492984706031,
      1.0,
      0.38536047112697924,
      0.08867298917840802,
      0.027473063101382592,
      -0.01323771794668935,
      0.030278230358628554,
      0.048997656502623874,
      0.21892148443374093,
      0.8661917040595332,
      0.17902990880680977,
      0.25655093269682766,
      0.044238511882642974,
      0.017249550549317653,
      0.1526200062110991,
      0.06743886373113724,
      0.01945983172141712,
      -0.013959548813951521,
      0.04813933263282783,
      0.10150268302332024,
      0.059587180585453495,
      0.3514518016826154,
      0.2596597639201923,
      0.01751730514311449,
      0.06060676669189355,
      0.09888983237474316,
      0.0717560583589712,
      0.030523157740725407,
      0.019232860018848136,
      0.05550778114477582,
      -0.1609419622427254,
      0.18257884407649516,
      0.015742230589281533,
      0.0921374463107004,
      0.09579447273800107,
      0.8265214615650592,
      0.02365017789914038,
      -0.011847159614380478,
      0.13875716297446739,
      0.3475560956031476,
      0.05748483133155017,
      0.051994690018370426,
      0.04579777230075397,
      0.0015101151598208454,
      0.051777994561138546,
      0.2763476970410709
    ],
    [
      -0.2637744746098081,
      0.1897777385294509,
      0.28112502097422065,
      0.4231229372450852,
      0.359564135776068,
      0.38536047112697924,
      1.0,
      0.34087167873146995,
      0.20511129234866607,
      0.08298314891636965,
      0.11955916797834243,
      0.18139683388371308,
      0.3049291980383586,
      0.3233603222453513,
      0.16974226024783998,
      0.26200226406377125,
      0.2533840133272449,
      0.15417375192687205,
      0.5164061779234869,
      0.1945306801477555,
      -0.06072733324961599,
      0.1799339595949733,
      0.14983610727750601,
      0.235904608128971,
      0.2577621476963544,
      0.19868837476700893,
      0.20660642956280428,
      0.0016635210685669456,
      0.1917377098433376,
      0.3431382217333669,
      0.13248239595118694,
      0.043243668442840215,
      0.1834142829809064,
      0.1932368114287305,
      -0.3818313190509875,
      0.13706893327451547,
      0.16695557752127912,
      0.37129891053804426,
      0.42247895631426424,
      0.43590008057705787,
      0.14725301964457688,
      0.05553761647327153,
      0.4418790160945319,
      0.3161641203706704,
      0.1487413527098198,
      0.27934696785763097,
      0.26205393025473844,
      0.04535133394914942,
      0.19816675058734765,
      0.20151983817900587
    ],
    [
      -0.2785244880263388,
      0.1754690310708531,
      0.07822173153451174,
      0.45493043763072644,
      0.4054628646576737,
      0.08867298917840802,
      0.34087167873146995,
      1.0,
      0.11945038642209108,
      0.05299422211963446,
      0.12584822652981445,
      0.1002141954142538,
      0.18584922294219328,
      0.07554936422975,
      0.10226684050937031,
      0.12625053745683643,
      0.21644088529327288,
      0.1526646612530477,
      0.31917301758464495,
      0.16778493092846677,
      0.12660814254616,
      0.1380854335215293,
      0.14757216886227797,
      0.1537623312586588,
      0.2114909568596503,
      0.10071800440641929,
      0.11096809204214542,
      0.055780917231543464,
      0.0991447406709381,
      0.31130044445627536,
      0.14995596220292381,
      0.006297213542107382,
      0.18045485485796497,
      0.19183659687788898,
      -0.239445788783367,
      0.07067188019877595,
      0.13078000944281706,
      0.39997203590262864,
      0.4268985173933746,
      0.13171279435128036,
      0.0962792999231563,
      0.07330784547547736,
      0.3270968939755287,
      0.1177977812350925,
      0.07926430420907422,
      0.38790503929077014,
      0.29839964641301037,
      0.030811945227197865,
      0.20380404358490767,
      0.10766619626903792
    ],
    [
      -0.22999848187103852,
      0.04210909929247203,
      0.017381105026568373,
      0.13738658901607387,
      0.23565183964385197,
      0.027473063101382592,
      0.20511129234866607,
      0.11945038642209108,
      1.0,
      0.6785151081497363,
      0.10270701996757167,
      0.3212114010956644,
      0.05271560710928025,
      -0.04666401435104679,
      0.028268416340832395,
      0.04930442433793129,
      0.4399136536465466,
      0.47569008525157114,
      0.1671359024801844,
      0.202389139375938,
      -0.02503163341173556,
      0.06948887431222846,
      0.1230562130801123,
      0.1774743395247757,
      0.6772166432211326,
      0.03557379663933288,
      0.009658917131495543,
      0.13590506629195515,
      0.023050064640015928,
      0.18244886002611077,
      0.10370860585130963,
      0.02047296001584126,
      0.39373393057420575,
      0.5110743782046668,
      -0.47141129089951683,
      0.24759192674735553,
      0.39657396979258575,
      0.38242917082324274,
      0.1510439132939856,
      0.05070956984448715,
      0.5271768306978624,
      0.20843890915659535,
      0.2505476751683047,
      0.07236467775286239,
      0.0768221943967252,
      0.17173563879480996,
      0.16610069708448125,
      0.10826611926598044,
      0.4089554130261382,
      0.004040502678398012
    ],
    [
      -0.1866803098943221,
      0.013128522472715348,
      -0.010451923254213737,
      0.06699294166937665,
      0.1865024890036477,
      -0.01323771794668935,
      0.08298314891636965,
      0.05299422211963446,
      0.6785151081497363,
      1.0,
      0.06397007028215469,
      0.0847495514472075,
      0.02916141732747515,
      -0.07489533392182579,
      0.005122891643938211,
      0.025747094994614767,
      0.4662787051906733,
      0.506128112437697,
      0.06098566346711559,
      0.16803422879510535,
      -0.04459687624169883,
      0.03384879129352939,
      0.06404066925100019,
      0.07152869339894877,
      0.6954715262076301,
      -0.005016996202638384,
      -0.004941322932273115,
      0.10609880272618398,
      -0.006989994521014969,
      0.12145439799112562,
      0.058890415873818706,
      0.008191154641972589,
      0.4756660907646911,
      0.5570469824339245,
      -0.2740714682143153,
      0.2667601197179245,
      0.4226193765100209,
      0.410715398887916,
      0.08322193389915905,
      -0.0031214675615871376,
      0.3269553435457043,
      0.24310411904124696,
      0.12182865119164983,
      0.03550872078552262,
      0.011382006117465659,
      0.09772589768078954,
      0.1439757313345611,
      0.1305120212804244,
      0.3066419041478104,
      -0.011422234744380609
    ],
    [
      -0.10558188537825186,
      0.07579007586181803,
      0.028997164843867242,
      0.19058130733585335,
      0.3405511605490579,
      0.030278230358628554,
      0.11955916797834243,
      0.12584822652981445,
      0.10270701996757167,
      0.06397007028215469,
      1.0,
      0.05545333095914764,
      0.07818581871025326,
      0.004759139941070944,
      0.047042088616888085,
      0.06495225013795243,
      -0.11831799402518416,
      0.2895272911960882,
      0.11039651616430295,
      -0.019202398085997635,
      -0.2502344250729753,
      0.03657671139686908,
      0.011627946382349237,
      0.0855120529458647,
      0.12476279591531031,
      0.0450171633583322,
      0.036473474869885156,
      0.06364244612078655,
      0.020788830847584486,
      0.1496192949610957,
      0.07113900846625099,
      -0.019477883527475263,
      0.27797909544163363,
      0.03128728783521169,
      0.04285482537222484,
      0.1431710368325227,
      0.24364148407824146,
      0.2558012381927218,
      0.15521145493976793,
      0.048568477704652606,
      0.3147976478672341,
      0.18410815020252033,
      0.3579532608999648,
      0.06174897573616095,
      0.03233676012491756,
      0.07401830831133012,
      0.3843415969434702,
      0.01731477996044892,
      0.048796820118472854,
      0.03437097197212897
    ],
    [
      -0.09424906843131364,
      0.11308144584677832,
      0.03632975123254174,
      0.14165761548679132,
      0.10480029406202732,
      0.048997656502623874,
      0.18139683388371308,
      0.1002141954142538,
      0.3212114010956644,
      0.0847495514472075,
      0.05545333095914764,
      1.0,
      0.13964948528721624,
      0.009692527020889616,
      0.07711643048126127,
      0.10337874649881164,
      0.20782846459352095,
      0.10309404719248222,
      0.1077592983904323,
      0.1047917994442887,
      0.023788934228582675,
      0.13656581659046624,
      0.11019759648702053,
      0.11029405549894586,
      0.11395932051691687,
      0.08494979873374252,
      0.06055402106119905,
      0.03496404080081178,
      0.028846206636356408,
      0.0531118263184092,
      0.08655453466831069,
      0.01024730670939433,
      0.0924516242142698,
      0.08251530520196826,
      -0.29515946003651594,
      0.09915128513911105,
      0.07636707283507385,
      0.13692880367684573,
      0.1274623456815719,
      0.08806083460974844,
      0.2004516372331655,
      0.02980014933248009,
      0.1481453024010692,
      0.15523702041269152,
      0.6916962438379213,
      0.0928572658152773,
      0.06736400035749346,
      0.008444953856593418,
      0.13202128084789708,
      0.05184617982739475
    ],
    [
      -0.13630843957347577,
      0.2949265723254677,
      0.29727980749877064,
      0.24534087874192415,
      0.18945609430242033,
      0.21892148443374093,
      0.3049291980383586,
      0.18584922294219328,
      0.05271560710928025,
      0.02916141732747515,
      0.07818581871025326,
      0.13964948528721624,
      1.0,
      0.17331912046533807,
      0.46133720287999147,
      0.7260395146460067,
      0.16326523275630114,
      0.0651911221999721,
      0.1789317592517914,
      0.08643789266173371,
      0.016795531071771078,
      0.28135616519004114,
      0.08522739613452929,
      0.08674038839196715,
      0.0955378648576163,
      0.22754398118047012,
      0.5025790044288724,
      0.000822863676954818,
      0.04497967924369386,
      0.14623950054431192,
      0.08649928829022177,
      0.005780147890820904,
      0.09739291395965935,
      0.09016002650700605,
      -0.16571386906397795,
      0.11159149606275771,
      0.07339632918947292,
      0.19613118684249836,
      0.21994991163969593,
      0.27052091748580276,
      0.03425150126781365,
      0.025424966007979683,
      0.14426848454366237,
      0.5399162709515708,
      0.13411143061197056,
      0.12067390150185389,
      0.13036712180653348,
      0.013509289025448788,
      0.08840539000143256,
      0.4117995634966304
    ],
    [
      -0.056005247295822395,
      0.003873640017892089,
      0.48947811857488793,
      0.12491407400529485,
      0.10130131454651689,
      0.8661917040595332,
      0.3233603222453513,
      0.07554936422975,
      -0.04666401435104679,
      -0.07489533392182579,
      0.004759139941070944,
      0.009692527020889616,
      0.17331912046533807,
      1.0,
      0.14606889367008158,
      0.20184313269964463,
      0.0032855263974888396,
      -0.029746009761165003,
      0.13787274373658456,
      0.036416450415342715,
      0.0054631634447722,
      -0.03118627981821276,
      0.03874659693100135,
      0.08294577915245178,
      -0.011045057397722588,
      0.3104337139724387,
      0.21551662104250138,
      0.0008843430383601855,
      0.05347472072750841,
      0.06479197330720915,
      0.05256298356796113,
      0.023201398646277484,
      -0.030649779063881062,
      0.0001921374812763671,
      -0.11145530965145642,
      0.14103078186225837,
      -0.018110810935163986,
      0.046520599886308224,
      0.08143898127200756,
      0.725248447919313,
      -0.015345452893335982,
      -0.018239488504707153,
      0.12337782891585519,
      0.2853904631863129,
      0.03749446535930592,
      0.03604419661718698,
      0.03784676041142636,
      -0.007598803405416577,
      0.029622900700760194,
      0.23250351984866666
    ],
    [
      -0.08381650041796912,
      0.081549318399634,
      0.2593619505258517,
      0.14657889656783038,
      0.12886215367166431,
      0.17902990880680977,
      0.16974226024783998,
      0.10226684050937031,
      0.028268416340832395,
      0.005122891643938211,
      0.047042088616888085,
      0.07711643048126127,
      0.46133720287999147,
      0.14606889367008158,
      1.0,
      0.6853914232627518,
      0.0733659932858231,
      0.04978394649525064,
      0.13108456887478515,
      0.049623072871803335,
      0.02059981472784807,
      0.24534401184097776,
      0.04969968594981168,
      0.05530614646494558,
      0.050772316782042776,
      0.2462350671096088,
      0.39379163489117397,
      0.0010557669245564903,
      0.03348649234601772,
      0.09282483316715118,
      0.058964735503810754,
      -0.012252903319123657,
      0.04062754456065129,
      0.0395658189924998,
      -0.09740538920828673,
      0.08749434930268009,
      0.028668914874249045,
      0.11526682124658377,
      0.14130759922724773,
      0.1997295528610734,
      0.024122793857212388,
      0.006048161565696294,
      0.08426989414734747,
      0.4903123711723992,
      0.07045875659427461,
      0.06695472217711272,
      0.057602052371739425,
      0.003849419114473429,
      0.04498431598746033,
      0.35529323950574776
    ],
    [
      -0.11405512764864406,
      0.12426196134679698,
      0.3686491525544175,
      0.17788758441919572,
      0.14137285974726654,
      0.25655093269682766,
      0.26200226406377125,
      0.12625053745683643,
      0.04930442433793129,
      0.025747094994614767,
      0.06495225013795243,
      0.10337874649881164,
      0.7260395146460067,
      0.20184313269964463,
      0.6853914232627518,
      1.0,
      0.1144916558450844,
      0.0752104231627119,
      0.14177984703270116,
      0.08747754352076448,
      0.009141673670115927,
      0.33451316956250143,
      0.07514072367993178,
      0.07739281282044444,
      0.08536361720569177,
      0.2552645042046324,
      0.48202761591380533,
      0.005706588057926089,
      0.03544137818654931,
      0.12109357628827476,
      0.07065267815680512,
      -0.017913912080283173,
      0.07657944290504846,
      0.074626653552421,
      -0.14473582228141046,
      0.1048782799084012,
      0.05315609898164119,
      0.1526916290055302,
      0.15642383148819608,
      0.29008874293551384,
      0.02804268332942575,
      0.03291915626774397,
      0.1089993074754814,
      0.6311094868633614,
      0.09620166227368399,
      0.10102524576454336,
      0.058369447747914645,
      0.010901206475767972,
      0.07323732801533192,
      0.39489187995804576
    ],
    [
      -0.32538517772608616,
      0.13754664441396175,
      0.054442947483081705,
      0.2734298458136213,
      0.3662521536016252,
      0.044238511882642974,
      0.2533840133272449,
      0.21644088529327288,
      0.4399136536465466,
      0.4662787051906733,
      -0.11831799402518416,
      0.20782846459352095,
      0.16326523275630114,
      0.0032855263974888396,
      0.0733659932858231,
      0.1144916558450844,
      1.0,
      0.38208115353676014,
      0.228315617555054,
      0.19593082060182582,
      0.16062090198800352,
      0.0867309918855534,
      0.07975737746328017,
      0.1046989439944716,
      0.5887564606415443,
      0.08027980310013685,
      0.07479844499115099,
      0.12303808255613645,
      0.04271286845172779,
      0.3233046491432604,
      0.15961866763186988,
      0.003953614284373366,
      0.4411437119523153,
      0.4600066411861311,
      -0.4986161157644093,
      0.2634909025558386,
      0.3827260600374279,
      0.5639919246508531,
      0.32530251106084673,
      0.07053427284024011,
      0.28035910732516645,
      0.17527505629143073,
      0.05324000980252308,
      0.14685063359830985,
      0.1592702059639089,
      0.18330002130078846,
      0.13632420668422857,
      0.11268063175893762,
      0.3159144403109311,
      0.06869849782674195
    ],
    [
      -0.24234147576644233,
      0.044905149939699664,
      0.023304066621093394,
      0.16789915808570788,
      0.42214882922509955,
      0.017249550549317653,
      0.15417375192687205,
      0.1526646612530477,
      0.47569008525157114,
      0.506128112437697,
      0.2895272911960882,
      0.10309404719248222,
      0.0651911221999721,
      -0.029746009761165003,
      0.04978394649525064,
      0.0752104231627119,
      0.38208115353676014,
      1.0,
      0.1170046282169408,
      -0.10837702888689743,
      0.013468919782176816,
      0.07338805781525926,
      0.0848313970623484,
      0.16317531347431868,
      0.5895490088967614,
      0.01954045937462652,
      0.0349111025291926,
      0.15748560925894367,
      0.01776789190684988,
      0.24138766996500283,
      0.11792972163394898,
      0.011601020512575526,
      0.80677577310991,
      0.45275976906901555,
      -0.27588121769240165,
      0.3751402296023352,
      0.6641720307092472,
      0.6429720758680015,
      0.19775403771971867,
      0.025139700255862842,
      0.5952297403807186,
      0.5500551719507156,
      0.19749412308358238,
      0.08294237753711348,
      0.041049775310308796,
      0.14810052312531846,
      0.38823159198299007,
      0.10007015063775121,
      0.2861241686939037,
      0.017111396340803813
    ],
    [
      -0.23433231388726822,
      0.21201259284951524,
      0.1196226829919882,
      0.40103197126894274,
      0.3932597807888062,
      0.1526200062110991,
      0.5164061779234869,
      0.31917301758464495,
      0.1671359024801844,
      0.06098566346711559,
      0.11039651616430295,
      0.1077592983904323,
      0.1789317592517914,
      0.13787274373658456,
      0.13108456887478515,
      0.14177984703270116,
      0.228315617555054,
      0.1170046282169408,
      1.0,
      0.13532208283893105,
      0.10481327705338468,
      0.030626338801690665,
      0.09616329820452665,
      0.2800495415572246,
      0.21498975851999447,
      0.21397289052107055,
      0.12343266706950888,
      0.11833833782328633,
      0.31062539185775473,
      0.2884478630228712,
      0.16611666694855598,
      0.045629256586090135,
      0.12870584365945328,
      0.15405012080567165,
      -0.3574256827786917,
      0.13978990004712138,
      0.15078763662110695,
      0.3884535514167371,
      0.6400889377909856,
      0.20719676399333195,
      0.13656450570677825,
      0.05347372072061145,
      0.41822002149741166,
      0.16906000109233094,
      0.09186203767933507,
      0.29815385268150213,
      0.2926066241680283,
      0.04547325805757858,
      0.17356919392800066,
      0.14237498592735653
    ],
    [
      -0.2603723796951875,
      0.050014335221875206,
      0.04436508063897154,
      0.2887607128568225,
      0.12534928843223406,
      0.06743886373113724,
      0.1945306801477555,
      0.16778493092846677,
      0.202389139375938,
      0.16803422879510535,
      -0.019202398085997635,
      0.1047917994442887,
      0.08643789266173371,
      0.036416450415342715,
      0.049623072871803335,
      0.08747754352076448,
      0.19593082060182582,
      -0.10837702888689743,
      0.13532208283893105,
      1.0,
      0.08833935923290129,
      0.06821283809803588,
      0.14615346548053035,
      0.10556962363922541,
      0.26321358191501215,
      0.035539098842864415,
      0.030179753075801286,
      0.006554135836723692,
      0.015978538568156918,
      0.24220473218532193,
      0.1110198503922752,
      0.021385599666276983,
      -0.10350368741060713,
      0.22402481610569627,
      -0.21170546877679663,
      -0.034622995076744496,
      -0.06760727369421408,
      0.10013598483953311,
      0.17924610846999667,
      0.07883737533237813,
      -0.10955045593272277,
      -0.06840845711034471,
      0.1324741034465714,
      0.08037502796950857,
      0.09179578448792475,
      0.09686580908813498,
      -0.04170908514045037,
      0.04240771234331432,
      0.14381425529810693,
      0.038978099899895806
    ],
    [
      -0.21044540188732744,
      0.04263681308224408,
      0.00031662187485965136,
      0.14242433024251847,
      0.13567967171865059,
      0.01945983172141712,
      -0.06072733324961599,
      0.12660814254616,
      -0.02503163341173556,
      -0.04459687624169883,
      -0.2502344250729753,
      0.023788934228582675,
      0.016795531071771078,
      0.0054631634447722,
      0.02059981472784807,
      0.009141673670115927,
      0.16062090198800352,
      0.013468919782176816,
      0.10481327705338468,
      0.08833935923290129,
      1.0,
      3.387816271921732e-05,
      0.13717901284601716,
      0.034464831264235385,
      0.036407371267728375,
      0.043381005268922766,
      0.03103951792158276,
      0.05188282480093166,
      0.005627202121892705,
      0.037924563680376944,
      0.09435472907534714,
      0.008564938974023151,
      0.017842694254759962,
      0.1188483519268101,
      -0.2970727919254496,
      -0.011400377817355025,
      0.03939724843324491,
      0.15517994908660177,
      0.1610035468842327,
      -0.015956399611043913,
      0.02615064113611753,
      0.008009894955226455,
      -0.3012116500816509,
      -0.015939431356261975,
      0.02629311475970279,
      0.05333568473977165,
      -0.1706163473408986,
      -0.004909488355653926,
      0.059018368858187856,
      0.03221725012744164
    ],
    [
      -0.07901393967213483,
      0.05785275475609166,
      0.0031352989027513445,
      0.10773520129772407,
      0.08505482311155026,
      -0.013959548813951521,
      0.1799339595949733,
      0.1380854335215293,
      0.06948887431222846,
      0.03384879129352939,
      0.03657671139686908,
      0.13656581659046624,
      0.28135616519004114,
      -0.03118627981821276,
      0.24534401184097776,
      0.33451316956250143,
      0.0867309918855534,
      0.07338805781525926,
      0.030626338801690665,
      0.06821283809803588,
      3.387816271921732e-05,
      1.0,
      0.0829648533379482,
      0.04484556374801579,
      0.08404718576561332,
      0.14386206312530844,
      0.18575811881216545,
      -0.0033345024033852155,
      -0.07257011101878999,
      0.09291657829567966,
      0.08429719007996374,
      -0.001965398431439492,
      0.05543002513369005,
      0.07571938575735217,
      -0.13287798914502855,
      -0.0030777018548720963,
      0.0440996426025216,
      0.10132051315958265,
      0.06966651550593836,
      -0.0214945320487623,
      0.06503372970767275,
      0.02312417905358624,
      0.10361960900464993,
      0.482678015165266,
      0.10412304322290322,
      0.06935458009733453,
      0.06860074875915079,
      0.001329144353992637,
      0.06684654546174537,
      0.0757349059059418
    ],
    [
      -0.17931438873975944,
      0.04459432129734649,
      0.07456327089178176,
      0.15343736307051645,
      0.12441587422471624,
      0.04813933263282783,
      0.14983610727750601,
      0.14757216886227797,
      0.1230562130801123,
      0.06404066925100019,
      0.011627946382349237,
      0.11019759648702053,
      0.08522739613452929,
      0.03874659693100135,
      0.04969968594981168,
      0.07514072367993178,
      0.07975737746328017,
      0.0848313970623484,
      0.09616329820452665,
      0.14615346548053035,
      0.13717901284601716,
      0.0829648533379482,
      1.0,
      0.10515986152588011,
      0.13420655737286788,
      0.020906863744643067,
      0.05197715470970658,
      0.015521030766678488,
      0.025788707001846642,
      0.1489450108894904,
      0.08418221233123235,
      0.014209091466138395,
      0.09391918224856484,
      0.14660356922879172,
      -0.1731946276328097,
      0.03869798018092792,
      0.07456502890222641,
      0.17975203897480527,
      0.16225439034384923,
      0.06139113662851135,
      0.06289038985023365,
      0.06554091648117683,
      0.09093771660876039,
      0.06955409464721438,
      0.05388441806322921,
      0.10517963974195983,
      0.0958941163423318,
      0.005655455796780046,
      0.20068703079777284,
      0.043670064664075935
    ],
    [
      -0.1866167603600013,
      0.07943081587820468,
      0.06822594468807097,
      0.21400747208984125,
      0.18435216815375913,
      0.10150268302332024,
      0.235904608128971,
      0.1537623312586588,
      0.1774743395247757,
      0.07152869339894877,
      0.0855120529458647,
      0.11029405549894586,
      0.08674038839196715,
      0.08294577915245178,
      0.05530614646494558,
      0.07739281282044444,
      0.1046989439944716,
      0.16317531347431868,
      0.2800495415572246,
      0.10556962363922541,
      0.034464831264235385,
      0.04484556374801579,
      0.10515986152588011,
      1.0,
      0.17625536875879896,
      0.09671940255764888,
      0.05705185367308697,
      0.03499753478363657,
      0.04600367516676636,
      0.20030822235219975,
      0.1538594794570639,
      0.27129618688176904,
      0.15968276845280419,
      0.13324234553413175,
      -0.19218358173751804,
      0.07786664558859115,
      0.015367429314607571,
      0.2354754013898345,
      0.17420169394771423,
      0.10935320573948552,
      0.13125903784598636,
      0.20894975902076035,
      0.17962902523596674,
      0.07299358471124051,
      0.06346636595729116,
      0.11200886949524971,
      0.2357987144527171,
      0.022017716649390007,
      0.12406423544303931,
      0.038603069622761665
    ],
    [
      -0.3995268197098593,
      0.06637581897620934,
      0.04753727161637356,
      0.26722589358600407,
      0.3498977271971507,
      0.059587180585453495,
      0.2577621476963544,
      0.2114909568596503,
      0.6772166432211326,
      0.6954715262076301,
      0.12476279591531031,
      0.11395932051691687,
      0.0955378648576163,
      -0.011045057397722588,
      0.050772316782042776,
      0.08536361720569177,
      0.5887564606415443,
      0.5895490088967614,
      0.21498975851999447,
      0.26321358191501215,
      0.036407371267728375,
      0.08404718576561332,
      0.13420655737286788,
      0.17625536875879896,
      1.0,
      0.03787793003498182,
      0.041829938915894406,
      0.1189741574130364,
      0.01784316933891299,
      0.45549226968565715,
      0.1421359962944034,
      0.023144939986983703,
      0.5696730309424575,
      0.6797924454735086,
      -0.45795928632060046,
      0.2950439010800665,
      0.5024585569642266,
      0.604824315644852,
      0.24662964588236577,
      0.06888940810445467,
      0.39844721433074626,
      0.2658429800719799,
      0.27076864689110586,
      0.10629594746332505,
      0.014797124455520033,
      0.2044379410625641,
      0.2386688746050287,
      0.1474154642954915,
      0.40535114155289587,
      0.024732203995147844
    ],
    [
      -0.0607007221627496,
      0.16292225975393992,
      0.21969496439281022,
      0.18132937133683083,
      0.1692385881837,
      0.3514518016826154,
      0.19868837476700893,
      0.10071800440641929,
      0.03557379663933288,
      -0.005016996202638384,
      0.0450171633583322,
      0.08494979873374252,
      0.22754398118047012,
      0.3104337139724387,
      0.2462350671096088,
      0.2552645042046324,
      0.08027980310013685,
      0.01954045937462652,
      0.21397289052107055,
      0.035539098842864415,
      0.043381005268922766,
      0.14386206312530844,
      0.020906863744643067,
      0.09671940255764888,
      0.03787793003498182,
      1.0,
      0.2421959211666538,
      0.018796570254499764,
      0.0625261846249206,
      0.05453772353406766,
      0.06715200602265953,
      0.0018346220264614695,
      0.015443557774643787,
      0.03470232165503756,
      -0.1283918715362012,
      0.1755409149530644,
      0.022020283529790765,
      0.11778222925918098,
      0.22512749302037072,
      0.38869978314086184,
      0.031251703015748686,
      -0.012497351084743905,
      0.06112968786579996,
      0.3885072561103967,
      0.08330626880517802,
      0.09791522536896248,
      0.08788288465590975,
      0.0032036948171724274,
      0.042643199068889255,
      0.27862329911895745
    ],
    [
      -0.08101028270937931,
      0.18847612070974856,
      0.41927666388960505,
      0.14982286090457084,
      0.1216031566929704,
      0.2596597639201923,
      0.20660642956280428,
      0.11096809204214542,
      0.009658917131495543,
      -0.004941322932273115,
      0.036473474869885156,
      0.06055402106119905,
      0.5025790044288724,
      0.21551662104250138,
      0.39379163489117397,
      0.48202761591380533,
      0.07479844499115099,
      0.0349111025291926,
      0.12343266706950888,
      0.030179753075801286,
      0.03103951792158276,
      0.18575811881216545,
      0.05197715470970658,
      0.05705185367308697,
      0.041829938915894406,
      0.2421959211666538,
      1.0,
      -0.018086987245828814,
      0.03283141738757854,
      0.09224406243388844,
      0.0532239897076154,
      0.002730760861751312,
      0.048674708347016565,
      0.03907546862025226,
      -0.106263208188282,
      0.10379139903952891,
      0.029434825556668483,
      0.12286122841423858,
      0.13978641427337135,
      0.29497609192456903,
      0.009232792092635162,
      0.007025229014392311,
      0.0870761587359489,
      0.39403217716403144,
      0.056347819331667916,
      0.07675762141141326,
      0.08693020195065686,
      -0.000636232425520214,
      0.04665976394623394,
      0.554120364771015
    ],
    [
      -0.09616524544681877,
      0.006814058730880749,
      -0.015477340832309653,
      0.057363551032300265,
      0.1596459162632828,
      0.01751730514311449,
      0.0016635210685669456,
      0.055780917231543464,
      0.13590506629195515,
      0.10609880272618398,
      0.06364244612078655,
      0.03496404080081178,
      0.000822863676954818,
      0.0008843430383601855,
      0.0010557669245564903,
      0.005706588057926089,
      0.12303808255613645,
      0.15748560925894367,
      0.11833833782328633,
      0.006554135836723692,
      0.05188282480093166,
      -0.0033345024033852155,
      0.015521030766678488,
      0.03499753478363657,
      0.1189741574130364,
      0.018796570254499764,
      -0.018086987245828814,
      1.0,
      0.029852531131705082,
      0.07713605218201422,
      0.11760601801585702,
      0.018896414422865052,
      0.19950622775701762,
      0.11356777599446655,
      -0.16505836826351972,
      0.27113921779475836,
      0.13831186433203901,
      0.19633463296798756,
      0.1225271864465349,
      0.021064058606988217,
      0.14980687238496956,
      0.1422259414538008,
      0.07470286758319636,
      0.003644045655570629,
      0.014955076390308868,
      0.060683534902172445,
      0.10629539544749722,
      0.0008039890296384918,
      0.08085082366118025,
      -0.013386816936707983
    ],
    [
      -0.03590551521217931,
      0.05816325588966261,
      0.053500868255518315,
      0.14892228191955273,
      0.1265172378934096,
      0.06060676669189355,
      0.1917377098433376,
      0.0991447406709381,
      0.023050064640015928,
      -0.006989994521014969,
      0.020788830847584486,
      0.028846206636356408,
      0.04497967924369386,
      0.05347472072750841,
      0.03348649234601772,
      0.03544137818654931,
      0.04271286845172779,
      0.01776789190684988,
      0.31062539185775473,
      0.015978538568156918,
      0.005627202121892705,
      -0.07257011101878999,
      0.025788707001846642,
      0.04600367516676636,
      0.01784316933891299,
      0.0625261846249206,
      0.03283141738757854,
      0.029852531131705082,
      1.0,
      0.056366990213235164,
      0.04469193501439728,
      0.007787665780661841,
      0.017721918776312115,
      0.015582208525760564,
      -0.06267497696245665,
      0.2116394425625046,
      0.013203990408802137,
      0.09668410715274534,
      0.3007493697488351,
      0.08197669299724065,
      -0.0011078135310173068,
      0.02927058897658031,
      0.2102586499907579,
      0.050708884221453476,
      0.0005852895291700276,
      0.08757992083285596,
      0.07348591851538819,
      -0.016728462108952517,
      0.04313600090755511,
      0.058116893888971566
    ],
    [
      -0.5349554700193901,
      0.10954999556500743,
