{
  "factors": [
    "Alpha1",
    "Alpha2",
    "Alpha3",
    "Alpha4",
    "Alpha5",
    "Alpha6",
    "Alpha7",
    "Alpha8",
    "Alpha9",
    "Alpha10",
    "Alpha11",
    "Alpha12",
    "Alpha13",
    "Alpha14",
    "Alpha15",
    "Alpha16",
    "Alpha17",
    "Alpha18",
    "Alpha19",
    "Alpha20",
    "Alpha21",
    "Alpha22",
    "Alpha23",
    "Alpha24",
    "Alpha25",
    "Alpha26",
    "Alpha27",
    "Alpha28",
    "Alpha29",
    "Alpha30",
    "Alpha31",
    "Alpha32",
    "Alpha33",
    "Alpha34",
    "Alpha35",
    "Alpha36",
    "Alpha37",
    "Alpha38",
    "Alpha39",
    "Alpha40",
    "Alpha41",
    "Alpha42",
    "Alpha43",
    "Alpha44",
    "Alpha45",
    "Alpha46",
    "Alpha47",
    "Alpha48",
    "Alpha49",
    "Alpha50"
  ],
  "correlation_matrix": [
    [
      1.0,
      -0.10593410765270285,
      -0.06937495858103233,
      -0.38936935351596813,
      -0.3628477843933538,
      -0.08249328528831171,
      -0.29193419995162123,
      -0.27190338123313834,
      -0.3140717861562151,
      -0.18887652588212445,
      -0.09565054267378939,
      -0.1088614994012095,
      -0.13462785749349018,
      -0.05391674487337343,
      -0.08789077351239837,
      -0.11337960388608531,
      -0.3275139886139473,
      -0.23108869330236606,
      -0.3020301386897409,
      -0.2616299849708959,
      -0.22056137143906493,
      -0.07913506036688892,
      -0.3788610281638364,
      -0.2549682560708696,
      -0.41432079257515864,
      -0.05365777088533962,
      -0.0775875269139395,
      -0.1645982190557062,
      -0.036166917676263205,
      -0.5490950787061843,
      -0.22680970300000355,
      -0.016748348207831686,
      -0.2788228488967308,
      -0.3692224385680913,
      0.4316177884580223,
      -0.15340820601315383,
      -0.247190908698708,
      -0.5058649332016393,
      -0.3268553251478251,
      -0.08612842121775172,
      -0.19838924436678299,
      -0.13632797205925368,
      -0.24322846609759954,
      -0.10486850699882493,
      -0.07239886834782659,
      -0.19447275267266687,
      -0.22219180253098406,
      -0.07989278332727529,
      -0.29159221398178875,
      -0.058488814994549096
    ],
    [
      -0.18887652588212445,
      0.010969410165293616,
      -0.011826834693972789,
      0.07324198295746472,
      0.18301596638439482,
      -0.00595065999896811,
      0.08563377876801556,
      0.06274413306688918,
      0.8561659120437254,
      1.0,
      0.062473659791592875,
      0.041133716462278924,
      0.028829652416768034,
      -0.06182605620534684,
      0.004963855539115071,
      0.027731435019085045,
      0.47419301160499394,
      0.4985199800282471,
      0.07137589898971225,
      0.16644020444572222,
      -0.04390310742751459,
      0.03661609343038312,
      0.10762547139349354,
      0.09437747542465125,
      0.705595306230986,
      -0.011184377541651172,
      -0.005660634648243954,
      0.35221874408939907,
      -0.01286884383887152,
      0.14136368155707268,
      0.0662607343304055,
      0.005821478156807162,
      0.4662129489218247,
      0.5638572001206116,
      -0.3685678219243833,
      0.25783752191825005,
      0.4014174078197955,
      0.4117043662519131,
      0.08442271376199278,
      -0.001220669414285315,
      0.3830500518405759,
      0.23317568317351536,
      0.14151707211812084,
      0.034633849296600495,
      0.009703596534526054,
      0.10549658024415287,
      0.13967858496868973,
      0.18099452350721457,
      0.43431045799673623,
      -0.012713337397147684
    ],
    [
      -0.09565054267378939,
      0.06406767705333839,
      0.02347889273802566,
      0.18083207533892018,
      0.3368895744592596,
      0.017159158177019972,
      0.10309870965661845,
      0.10628276955218417,
      0.09863536566445902,
      0.062473659791592875,
      1.0,
      0.05582163237455313,
      0.06291390032956885,
      -0.004586582066581251,
      0.03847755149514318,
      0.049692016677304336,
      -0.11779887958110608,
      0.2860915641124499,
      0.11586049103563413,
      -0.03326994886524471,
      -0.23648008601709558,
      0.02630216695692205,
      0.025320593389296115,
      0.08911306822201082,
      0.11001056041580544,
      0.040492184376041795,
      0.028731719270410933,
      0.21086582032527573,
      0.01860037568507926,
      0.143883981713695,
      0.04944333156416876,
      -0.0326933929398547,
      0.28858498707022495,
      0.01434539655105138,
      0.016282919941931,
      0.14382514773268407,
      0.24372521068442335,
      0.25389428916776696,
      0.15068698705900116,
      0.043896827417194924,
      0.3786476298321624,
      0.2034580153485563,
      0.3669845301548721,
      0.05196954221946803,
      0.03918125278427711,
      0.06958103963262242,
      0.3606547796733401,
      0.03981281130275085,
      0.06480257707988193,
      0.029624489700081587
    ],
    [
      -0.1088614994012095,
      0.1311824998594052,
      0.05338256156320787,
      0.16252072065489842,
      0.10722870481225433,
      0.07384234757593217,
      0.19326919058368416,
      0.1158479453986332,
      0.0683348129284927,
      0.041133716462278924,
      0.05582163237455313,
      1.0,
      0.17814795799055058,
      0.053716807257590385,
      0.09501347326853814,
      0.1314861662371144,
      0.20105786247203652,
      0.06768222554526618,
      0.12956354268993342,
      0.10922811837784718,
      0.008282485325629118,
      0.14159517841538863,
      0.13087835641473694,
      0.10855640976969977,
      0.06712986921631163,
      0.09380212297205624,
      0.07702780825070311,
      0.024579426040314975,
      0.004803805704326165,
      0.08171972001328201,
      0.06712140765611074,
      -0.0005016160206285799,
      0.08251586020667744,
      0.04850580674206604,
      -0.19216890473045722,
      0.08825482046931055,
      0.05212891186324934,
      0.14064558052438506,
      0.136169190976039,
      0.11274154861208095,
      0.03841843308378063,
      0.012949908170286392,
      0.13557955080167156,
      0.1794631258270802,
      0.7953393965331815,
      0.07475115102134801,
      0.07742945115702142,
      0.035312034818117004,
      0.0782540623136794,
      0.07233890683962745
    ],
    [
      -0.13462785749349018,
      0.2891609194208646,
      0.29515877214449066,
      0.2455015744696727,
      0.18496294962380241,
      0.22338907204238648,
      0.3482848074336661,
      0.185036087672491,
      0.0690548849405379,
      0.028829652416768034,
      0.06291390032956885,
      0.17814795799055058,
      1.0,
      0.1809516841894911,
      0.4554320706141341,
      0.7153401880219911,
      0.16438938995206304,
      0.059181379955451634,
      0.23244042009633634,
      0.0859496797904248,
      0.022419523189521246,
      0.2858579572759828,
      0.13459193999891655,
      0.13605090957817365,
      0.09302310943706979,
      0.23107125231855027,
      0.49749312620287256,
      -0.0019171391149616058,
      0.04851185706365614,
      0.14401693663181833,
      0.0860502610946543,
      0.006314723797631309,
      0.09060849703067952,
      0.08620922370594061,
      -0.23751344216773185,
      0.11016751316507592,
      0.06924857473645066,
      0.19292479827695455,
      0.21597378796199335,
      0.27320906862501765,
      0.04475864202713739,
      0.022998419246467162,
      0.16951653936131408,
      0.5322609382678494,
      0.14040264743409966,
      0.1383626382209352,
      0.13802581290392696,
      0.020391345331603722,
      0.11215414042585209,
      0.40978046445430966
    ],
    [
      -0.05391674487337343,
      -0.007922197980063364,
      0.5187049919771602,
      0.10661671001002206,
      0.08280013845953718,
      0.8526391496260358,
      0.2796820782726523,
      0.067971590670399,
      -0.035262052525366766,
      -0.06182605620534684,
      -0.004586582066581251,
      0.053716807257590385,
      0.1809516841894911,
      1.0,
      0.16007605167095393,
      0.21739054901679755,
      0.015302886723652253,
      -0.025275922442765608,
      0.10142316534059527,
      0.03850831318727682,
      -0.001794152610239716,
      -0.018271393440836857,
      0.06433643793015961,
      0.06675074578703004,
      -0.0110965425130928,
      0.2899722349162589,
      0.22925747148336692,
      -0.054099938370697875,
      0.04928666511386401,
      0.055131927697443614,
      0.04363388071182117,
      -0.0043367811887228954,
      -0.02886636231355986,
      0.004247128751968576,
      -0.09710773680325512,
      0.15430816847419498,
      -0.022892049604319096,
      0.029546962873151835,
      0.06778685703177671,
      0.717322417042732,
      -0.01611954207982,
      -0.025072386917439377,
      0.06961068818903716,
      0.28887725776420675,
      0.04286589501726004,
      0.01982877498971849,
      0.010676523433145318,
      -0.011820380990299915,
      0.02287557261357532,
      0.2513475666456193
    ],
    [
      -0.08789077351239837,
      0.06729947372344751,
      0.26573676736225776,
      0.1486006072278832,
      0.12592571820263843,
      0.1890044230478738,
      0.18957872352412747,
      0.0999066521499821,
      0.03407160421303613,
      0.004963855539115071,
      0.03847755149514318,
      0.09501347326853814,
      0.4554320706141341,
      0.16007605167095393,
      1.0,
      0.688604081806292,
      0.0774082118779532,
      0.04464749978629922,
      0.15708069795179133,
      0.04672347026368815,
      0.018210335709948466,
      0.24686019814124444,
      0.07483050839425162,
      0.07938579455821962,
      0.04717247501833659,
      0.2478936258909659,
      0.3980317465604811,
      -0.012841338941747606,
      0.03399384508185539,
      0.1009830686183966,
      0.05698961339756296,
      -0.015106138919579862,
      0.03936045838735961,
      0.03878822400501919,
      -0.1402113447841493,
      0.08156076148476425,
      0.023463525624136172,
      0.1153775377771633,
      0.1385988227396751,
      0.20656172164087283,
      0.023576417940530375,
      0.0003555757027964281,
      0.091213214721107,
      0.48421895329298165,
      0.07180735659702911,
      0.07677395686077018,
      0.06435419349279571,
      0.008004653889571825,
      0.058192383050392406,
      0.3593219380833788
    ],
    [
      -0.11337960388608531,
      0.11647635329352733,
      0.37208314988733876,
      0.17609025026437058,
      0.1389262196964444,
      0.27086521868932995,
      0.29923041284613283,
      0.1246474190386537,
      0.06580288810695943,
      0.027731435019085045,
      0.049692016677304336,
      0.1314861662371144,
      0.7153401880219911,
      0.21739054901679755,
      0.688604081806292,
      1.0,
      0.1175097777523838,
      0.07126414030722687,
      0.1785589186653923,
      0.08545354808579565,
      0.01020701664894731,
      0.3376807830125981,
      0.11408862631571949,
      0.1162850547454585,
      0.08503958663782095,
      0.2618791870913512,
      0.48503222494038617,
      -0.005200819721958024,
      0.0338840994782115,
      0.12432685194019037,
      0.06749861271836402,
      -0.01614073336587319,
      0.0726799866163012,
      0.0725634300014475,
      -0.19609103355795104,
      0.10097636634224805,
      0.0481040820188507,
      0.1508344138261356,
      0.15313474030467444,
      0.3007447276850857,
      0.03369308275499559,
      0.033884783026891845,
      0.1218511892899636,
      0.6228902411218014,
      0.10285086781044174,
      0.11177868963203647,
      0.06576545699383533,
      0.01840259663950589,
      0.09323075016832157,
      0.39859268112070506
    ],
    [
      -0.3275139886139473,
      0.13845834914706565,
      0.056043204752739745,
      0.27531812869649835,
      0.3664718424412004,
      0.049263111641871776,
      0.29406708793576164,
      0.21533001115406378,
      0.5459966625197744,
      0.47419301160499394,
      -0.11779887958110608,
      0.20105786247203652,
      0.16438938995206304,
      0.015302886723652253,
      0.0774082118779532,
      0.1175097777523838,
      1.0,
      0.37748096496331124,
      0.3319314077635723,
      0.19216309614083152,
      0.1555529286755921,
      0.0853550453831116,
      0.16101686208875968,
      0.14719563591406504,
      0.6047818548290674,
      0.08364546301801716,
      0.07329861901296893,
      0.2951668165662284,
      0.05248778455257047,
      0.33730156807874806,
      0.1428925604920322,
      0.005120176975311857,
      0.42322792866236225,
      0.4620102767685989,
      -0.6275713707606659,
      0.25951301493327683,
      0.37210396839331417,
      0.5631188396970997,
      0.3290149712772592,
      0.07158455222901314,
      0.33743286313797677,
      0.17841178692592816,
      0.06428023184551815,
      0.1477569088378293,
      0.15013766291317784,
      0.21007181703795125,
      0.14318066762995724,
      0.13980788827497181,
      0.43861875617478513,
      0.06804861452894184
    ],
    [
      -0.23108869330236606,
      0.03927108374543673,
      0.022815580094996766,
      0.14827631163842062,
      0.40912446082559073,
      0.008980733618637087,
      0.16008723855371793,
      0.14082960763810906,
      0.5742104298939488,
      0.4985199800282471,
      0.2860915641124499,
      0.06768222554526618,
      0.059181379955451634,
      -0.025275922442765608,
      0.04464749978629922,
      0.07126414030722687,
      0.37748096496331124,
      1.0,
      0.1359438408202656,
      -0.13045516151967254,
      0.010621628009310609,
      0.06990211284210487,
      0.15074895333092705,
      0.19305579457811783,
      0.5769682674672711,
      0.0128176612743266,
      0.0326564057625465,
      0.5091105478782412,
      0.01718545805543747,
      0.24018062502612966,
      0.1018613725531571,
      -0.0022163049042304276,
      0.8197461006304292,
      0.44415158262729576,
      -0.3733981438072452,
      0.3653841687837812,
      0.643636600811383,
      0.6420824822623618,
      0.19817555325729544,
      0.022677312609329297,
      0.7063505059387057,
      0.5601638678926034,
      0.19322190812320925,
      0.0799963983374717,
      0.0359250559469153,
      0.14854155096010282,
      0.39372895495730575,
      0.14195212367735158,
      0.3865230218149647,
      0.012356686422599848
    ],
    [
      -0.3020301386897409,
      0.22341366282943959,
      0.1249703294513552,
      0.5465653179164381,
      0.5107343389005132,
      0.11602176763841911,
      0.47057428431920306,
      0.38511725050134177,
      0.1396266415726488,
      0.07137589898971225,
      0.11586049103563413,
      0.12956354268993342,
      0.23244042009633634,
      0.10142316534059527,
      0.15708069795179133,
      0.1785589186653923,
      0.3319314077635723,
      0.1359438408202656,
      1.0,
      0.15655334417850772,
      0.17097063714166458,
      0.07210206456900825,
      0.2499445145165411,
      0.23407295583155,
      0.21472138082207007,
      0.21847160060854376,
      0.16204771354548791,
      0.07949036180457425,
      0.29881125114613794,
      0.3397457687213998,
      0.20224900927661452,
      0.02133904145451836,
      0.18446650845906062,
      0.18144033212735527,
      -0.4470995910427391,
      0.1783701843247647,
      0.18327077864420416,
      0.52076572252012,
      0.8092462471459061,
      0.17933574710583156,
      0.12225102309558998,
      0.08855729037218463,
      0.3128833447075162,
      0.2005770700567354,
      0.10050121363158014,
      0.320393579536042,
      0.33860393396740046,
      0.03838224578728398,
      0.2259887266102381,
      0.1699193186971155
    ],
    [
      -0.10593410765270285,
      1.0,
      -0.0022148825122571716,
      0.21738709469197384,
      0.17475826399140199,
      -0.009770291776375698,
      0.1931193881329954,
      0.16188013990136682,
      0.031183279883705402,
      0.010969410165293616,
      0.06406767705333839,
      0.1311824998594052,
      0.2891609194208646,
      -0.007922197980063364,
      0.06729947372344751,
      0.11647635329352733,
      0.13845834914706565,
      0.03927108374543673,
      0.22341366282943959,
      0.0520153427755329,
      0.047088575981640506,
      0.05183917405045538,
      0.07998004168402247,
      0.10325929140108606,
      0.058008806208981224,
      0.15211754108908157,
      0.17821133042462878,
      0.013477848426460527,
      0.06271997686691437,
      0.09805166792986408,
      0.06454272808304194,
      -0.0016544567239900592,
      0.07381453465525775,
      0.04846413552505969,
      -0.18291619022002503,
      0.03736981341892173,
      0.050812782058326976,
      0.18209544653840917,
      0.23088501625324498,
      0.10987436685259558,
      0.031205524750332638,
      0.014866657071798966,
      0.1282190351127629,
      0.12397798614773525,
      0.10488466053946979,
      0.1237587174185512,
      0.1291103356566104,
      0.009098312307343362,
      0.0767544172592869,
      0.18381599715580585
    ],
    [
      -0.2616299849708959,
      0.0520153427755329,
      0.04216928582896699,
      0.28419407251724593,
      0.11209735324500611,
      0.07151600492435982,
      0.19910635423701162,
      0.1616605402947501,
      0.23369515859223838,
      0.16644020444572222,
      -0.03326994886524471,
      0.10922811837784718,
      0.0859496797904248,
      0.03850831318727682,
      0.04672347026368815,
      0.08545354808579565,
      0.19216309614083152,
      -0.13045516151967254,
      0.15655334417850772,
      1.0,
      0.08755769725876625,
      0.06391034053457943,
      0.26445727571986977,
      0.13670821154469406,
      0.26974874813181876,
      0.019856539085460572,
      0.028703014288334255,
      -0.07143751994577892,
      0.013133971655701708,
      0.2530316908894591,
      0.11749064666763222,
      0.028444627538208523,
      -0.11772781319356018,
      0.22094937418599067,
      -0.26673614476946184,
      -0.03771971790839674,
      -0.0820298504542766,
      0.09931762207144433,
      0.17648504117186953,
      0.06883520528974937,
      -0.1427658128478377,
      -0.08730817717549895,
      0.1563631062876175,
      0.07901631581536353,
      0.09367860480529551,
      0.10723017616198817,
      -0.05257118803669217,
      0.051993727806076376,
      0.19696860251394388,
      0.03309630273172817
    ],
    [
      -0.22056137143906493,
      0.047088575981640506,
      0.004110006464929496,
      0.1432570304289878,
      0.13120772342953868,
      0.001958286393863195,
      -0.003953745890204603,
      0.13196980387380614,
      -0.007936647470064584,
      -0.04390310742751459,
      -0.23648008601709558,
      0.008282485325629118,
      0.022419523189521246,
      -0.001794152610239716,
      0.018210335709948466,
      0.01020701664894731,
      0.1555529286755921,
      0.010621628009310609,
      0.17097063714166458,
      0.08755769725876625,
      1.0,
      0.0012219320542907392,
      0.2558334387819935,
      0.0649698918231803,
      0.042849616299198014,
      0.02804066203931142,
      0.030285079713228715,
      0.015364469408670445,
      0.022760177828404657,
      0.08393304769041438,
      0.10099215450573719,
      0.013435469054548082,
      0.008330630363507018,
      0.12472580263041524,
      -0.28277395708755554,
      -0.012463958753732352,
      0.03903472693691333,
      0.14687703948843833,
      0.18206204126039288,
      -0.004125737858221428,
      0.02316785896479235,
      0.012480659343386337,
      -0.22199690790028648,
      -0.01005592399196869,
      0.007615959879239277,
      0.06969071676345164,
      -0.10609032621235054,
      -0.006051896059479341,
      0.09742591651682952,
      0.034711969951304676
    ],
    [
      -0.07913506036688892,
      0.05183917405045538,
      -0.006958052669322175,
      0.11421761676686988,
      0.08444183346715797,
      -0.005622428815889876,
      0.18658624590788772,
      0.13582258849981832,
      0.06243719175600662,
      0.03661609343038312,
      0.02630216695692205,
      0.14159517841538863,
      0.2858579572759828,
      -0.018271393440836857,
      0.24686019814124444,
      0.3376807830125981,
      0.0853550453831116,
      0.06990211284210487,
      0.07210206456900825,
      0.06391034053457943,
      0.0012219320542907392,
      1.0,
      0.09353756707941151,
      0.0796614050467044,
      0.08306303286182777,
      0.14365886519234342,
      0.18767058439547016,
      0.01902232168065347,
      -0.05042780093299855,
      0.09902347284712955,
      0.07125769381820359,
      -0.005287156206480717,
      0.06299301989310416,
      0.0795556338077864,
      -0.13570073958217754,
      0.0008739292134926285,
      0.051865633832231056,
      0.10688212499744892,
      0.07949803396574859,
      -0.019414058826035963,
      0.04780530204795132,
      0.027927187680455642,
      0.12032979667088992,
      0.4971615829602801,
      0.11204067624403502,
      0.05168307972146134,
      0.06528183187201578,
      0.009907622101747391,
      0.06750195924572802,
      0.0716041275995521
    ],
    [
      -0.3788610281638364,
      0.07998004168402247,
      0.07760172088878861,
      0.3109427934386693,
      0.23207712845272727,
      0.07572888753662171,
      0.2509297241527219,
      0.2382495381807474,
      0.1795121415263151,
      0.10762547139349354,
      0.025320593389296115,
      0.13087835641473694,
      0.13459193999891655,
      0.06433643793015961,
      0.07483050839425162,
      0.11408862631571949,
      0.16101686208875968,
      0.15074895333092705,
      0.2499445145165411,
      0.26445727571986977,
      0.2558334387819935,
      0.09353756707941151,
      1.0,
      0.233099319634639,
      0.2370131160326837,
      0.029642071524613813,
      0.07478068437289936,
      0.06658122614475998,
      0.04470761886838247,
      0.3365760205797456,
      0.1594422178426378,
      0.01902600893179985,
      0.18144257992279908,
      0.26618498205137114,
      -0.32082271426887576,
      0.07048964661228933,
      0.1363650685393689,
      0.34824105336801764,
      0.2840260586208532,
      0.08712144340795028,
      0.08519162099172443,
      0.1064741824164048,
      0.1509767568012488,
      0.10806713345836681,
      0.09578005700754964,
      0.1581317791018715,
      0.1663566247290549,
      0.029156895439990397,
      0.24398976571259037,
      0.0560806673438089
    ],
    [
      -0.2549682560708696,
      0.10325929140108606,
      0.0828633052475101,
      0.2886418059286577,
      0.24768683800327373,
      0.09775673308109337,
      0.2450501471189426,
      0.21616546172069326,
      0.17190967259657583,
      0.09437747542465125,
      0.08911306822201082,
      0.10855640976969977,
      0.13605090957817365,
      0.06675074578703004,
      0.07938579455821962,
      0.1162850547454585,
      0.14719563591406504,
      0.19305579457811783,
      0.23407295583155,
      0.13670821154469406,
      0.0649698918231803,
      0.0796614050467044,
      0.233099319634639,
      1.0,
      0.20062551569083542,
      0.08371677842251682,
      0.0837452985354458,
      0.09144250878118487,
      0.044626175489919775,
      0.2829433285439102,
      0.17131773980655915,
      0.2569082172375781,
      0.20663443010338556,
      0.17439703351656588,
      -0.2668143978475355,
      0.10460577895557657,
      -0.006828475740295151,
      0.32297707268384923,
      0.2181318886806711,
      0.10983282528634372,
      0.11028021492207825,
      0.22673043791769523,
      0.17059799408027987,
      0.10291792230054295,
      0.08753218652744452,
      0.15140621517350372,
      0.2806745015311277,
      0.03546639306137119,
      0.16775878138354935,
      0.07525124851347463
    ],
    [
      -0.41432079257515864,
      0.058008806208981224,
      0.04060192120007103,
      0.26952824543568077,
      0.33810702798727216,
      0.05644062410428549,
      0.2517905807232399,
      0.2086473063686433,
      0.7857563162173058,
      0.705595306230986,
      0.11001056041580544,
      0.06712986921631163,
      0.09302310943706979,
      -0.0110965425130928,
      0.04717247501833659,
      0.08503958663782095,
      0.6047818548290674,
      0.5769682674672711,
      0.21472138082207007,
      0.26974874813181876,
      0.042849616299198014,
      0.08306303286182777,
      0.2370131160326837,
      0.20062551569083542,
      1.0,
      0.02048055222642596,
      0.03935113091057004,
      0.38464861428904135,
      0.01383613642905027,
      0.48982548551611244,
      0.1453992066923882,
      0.017517345491100816,
      0.5769363409992513,
      0.6866968018610851,
      -0.5650494523016258,
      0.29092137280347224,
      0.47666507350676296,
      0.6192660829581135,
      0.25175707107761136,
      0.059436876660294846,
      0.4185744081389175,
      0.2771354575008695,
      0.27001142795878547,
      0.10279001399477636,
      0.013153455990992501,
      0.20172564981669402,
      0.2420351697275127,
      0.19551275935226323,
      0.5562323184630288,
      0.019773383201470075
    ],
    [
      -0.05365777088533962,
      0.15211754108908157,
      0.2241251512020227,
      0.18106481543161715,
      0.16784249136170756,
      0.3308954296629649,
      0.17434978526848113,
      0.10145349869237526,
      0.011862091262588966,
      -0.011184377541651172,
      0.040492184376041795,
      0.09380212297205624,
      0.23107125231855027,
      0.2899722349162589,
      0.2478936258909659,
      0.2618791870913512,
      0.08364546301801716,
      0.0128176612743266,
      0.21847160060854376,
      0.019856539085460572,
      0.02804066203931142,
      0.14365886519234342,
      0.029642071524613813,
      0.08371677842251682,
      0.02048055222642596,
      1.0,
      0.25090844612160484,
      -0.007423325077430464,
      0.09320385055646752,
      0.057101853439676276,
      0.054596101189528366,
      -0.014979179123108949,
      0.018831067755482735,
      0.02237458963300732,
      -0.13925459683442523,
      0.1798297366571036,
      0.014369507026251825,
      0.11598997325353314,
      0.22881636262256821,
      0.37561687759924683,
      0.025095022867744163,
      -0.016323643739397133,
      0.05450908334564586,
      0.39450906581510725,
      0.08382322729903237,
      0.10685254420391063,
      0.09172508810912133,
      7.390072654561913e-05,
      0.04259258126551253,
      0.2963502435701259
    ],
    [
      -0.0775875269139395,
      0.17821133042462878,
      0.4179061922163524,
      0.14511583267134998,
      0.11607024664655269,
      0.2709026948031359,
      0.2352493732159206,
      0.104424480484373,
      0.016898862612884324,
      -0.005660634648243954,
      0.028731719270410933,
      0.07702780825070311,
      0.49749312620287256,
      0.22925747148336692,
      0.3980317465604811,
      0.48503222494038617,
      0.07329861901296893,
      0.0326564057625465,
      0.16204771354548791,
      0.028703014288334255,
      0.030285079713228715,
      0.18767058439547016,
      0.07478068437289936,
      0.0837452985354458,
      0.03935113091057004,
      0.25090844612160484,
      1.0,
      -0.023172015464987514,
      0.04126106251505031,
      0.08676989535468631,
      0.04928403966080845,
      0.00261918336621787,
      0.04503722179485164,
      0.03382333560926022,
      -0.14810563640758648,
      0.10111188408883717,
      0.024723698264848055,
      0.12052033892665005,
      0.13659791530581297,
      0.30809815822717646,
      0.01415487438862898,
      0.009931585024288765,
      0.09357691402010868,
      0.3926126054124029,
      0.060002088838974336,
      0.08202919930427295,
      0.09300262287825435,
      -0.004083275894553522,
      0.055168666082493066,
      0.5565222779438113
    ],
    [
      -0.1645982190557062,
      0.013477848426460527,
      -0.0283874030055368,
      0.02568940152026687,
      0.38359117172748136,
      -0.035736149840860675,
      0.057085903218378926,
      0.06894515534665475,
      0.40533010934745756,
      0.35221874408939907,
      0.21086582032527573,
      0.024579426040314975,
      -0.0019171391149616058,
      -0.054099938370697875,
      -0.012841338941747606,
      -0.005200819721958024,
      0.2951668165662284,
      0.5091105478782412,
      0.07949036180457425,
      -0.07143751994577892,
      0.015364469408670445,
      0.01902232168065347,
      0.06658122614475998,
      0.09144250878118487,
      0.38464861428904135,
      -0.007423325077430464,
      -0.023172015464987514,
      1.0,
      -0.020581813948189667,
      0.16293096762070625,
      0.13813235802202056,
      -0.04209325299174433,
      0.5058761697374394,
      0.3214931367782272,
      -0.2237147808786576,
      0.28482691809604155,
      0.46882315627983434,
      0.3947977609756182,
      0.1277330818057046,
      -0.03182109495105072,
      0.6947062460947938,
      0.38349937431550296,
      0.10426084380623213,
      0.003938568153029296,
      0.006115604694344715,
      0.060757709400775545,
      0.2270718537753505,
      0.09914742645605075,
      0.2768065111978472,
      -0.028378627597099044
    ],
    [
      -0.036166917676263205,
      0.06271997686691437,
      0.05112085056981349,
      0.16683171787043422,
      0.1442614292482538,
      0.05186817452872381,
      0.18979615919001963,
      0.10965706207180098,
      -0.0031561448948237954,
      -0.01286884383887152,
      0.01860037568507926,
      0.004803805704326165,
      0.04851185706365614,
      0.04928666511386401,
      0.03399384508185539,
      0.0338840994782115,
      0.05248778455257047,
      0.01718545805543747,
      0.29881125114613794,
      0.013133971655701708,
      0.022760177828404657,
      -0.05042780093299855,
      0.04470761886838247,
      0.044626175489919775,
      0.01383613642905027,
      0.09320385055646752,
      0.04126106251505031,
      -0.020581813948189667,
      1.0,
      0.04704682024189862,
      0.032114877833093504,
      0.009265321380283867,
      0.020046748693221792,
      0.01669730656325566,
      -0.08366852978084693,
      0.2500221439867841,
      0.014117396480079095,
      0.11257334266457554,
      0.33243412763099445,
      0.06355117094993079,
      -0.0022273407655179164,
      0.020241943271456526,
      0.18767415721916922,
      0.04736088977253433,
      -0.004746153513003441,
      0.10256259394243686,
      0.07536004128018611,
      -0.015793807753774536,
      0.043251838655175616,
      0.06333213275357162
    ],
    [
      -0.06937495858103233,
      -0.0022148825122571716,
      1.0,
      0.10719863438368904,
      0.09335499251703308,
      0.6122540252215504,
      0.29255254004322023,
      0.08008978856097669,
      0.014165482019425189,
      -0.011826834693972789,
      0.02347889273802566,
      0.05338256156320787,
      0.29515877214449066,
      0.5187049919771602,
      0.26573676736225776,
      0.37208314988733876,
      0.056043204752739745,
      0.022815580094996766,
      0.1249703294513552,
      0.04216928582896699,
      0.004110006464929496,
      -0.006958052669322175,
      0.07760172088878861,
      0.0828633052475101,
      0.04060192120007103,
      0.2241251512020227,
      0.4179061922163524,
      -0.0283874030055368,
      0.05112085056981349,
      0.08514465217413143,
      0.02083171688848247,
      0.01357771705283235,
      0.03204919111213786,
      0.043034986782570374,
      -0.12734075866733457,
      0.11574847047451917,
      0.03249344787303379,
      0.08057958163815859,
      0.07015380849129087,
      0.5414961619085005,
      0.015254025009192563,
      0.005937141316442508,
      0.08345713929211232,
      0.30294403803985037,
      0.039523304677264094,
      0.04842551550493109,
      0.05140182587050051,
      -0.006642737095081808,
      0.04761927926317318,
      0.43046171133680156
    ],
    [
      -0.5490950787061843,
      0.09805166792986408,
      0.08514465217413143,
      0.45444824215046564,
      0.4072547388416515,
      0.09244372561866677,
      0.34912195952835123,
      0.30270090283995515,
      0.2817316837336236,
      0.14136368155707268,
      0.143883981713695,
      0.08171972001328201,
      0.14401693663181833,
      0.055131927697443614,
      0.1009830686183966,
      0.12432685194019037,
      0.33730156807874806,
      0.24018062502612966,
      0.3397457687213998,
      0.2530316908894591,
      0.08393304769041438,
      0.09902347284712955,
      0.3365760205797456,
      0.2829433285439102,
      0.48982548551611244,
      0.057101853439676276,
      0.08676989535468631,
      0.16293096762070625,
      0.04704682024189862,
      1.0,
      0.21896618386945685,
      0.007541679804143515,
      0.29827598922271487,
      0.35236310166052087,
      -0.4155567198045216,
      0.15678639692056895,
      0.2560551960127955,
      0.5287475784853981,
      0.3675776277531414,
      0.09922507769786466,
      0.20389438827811104,
      0.1463073988200321,
      0.3605050313947452,
      0.13055988889623446,
      0.04252113785206352,
      0.21299885300040347,
      0.32757141301333703,
      0.08491461926940067,
      0.2971475218449198,
      0.05469083815176572
    ],
    [
      -0.22680970300000355,
      0.06454272808304194,
      0.02083171688848247,
      0.20049810515737376,
      0.22186610458750408,
      0.0730371363392898,
      0.1369448437013029,
      0.1229442229101535,
      0.11480797357790927,
      0.0662607343304055,
      0.04944333156416876,
      0.06712140765611074,
      0.0860502610946543,
      0.04363388071182117,
      0.05698961339756296,
      0.06749861271836402,
      0.1428925604920322,
      0.1018613725531571,
      0.20224900927661452,
      0.11749064666763222,
      0.10099215450573719,
      0.07125769381820359,
      0.1594422178426378,
      0.17131773980655915,
      0.1453992066923882,
      0.054596101189528366,
      0.04928403966080845,
      0.13813235802202056,
      0.032114877833093504,
      0.21896618386945685,
      1.0,
      0.03139252698220953,
      0.11240078216506208,
      0.13630450027543994,
      -0.1875229313538817,
      0.10477867641647713,
      0.08676574586945413,
      0.24290837739850246,
      0.29457802783659276,
      0.06648480171954967,
      0.08811057224593839,
      0.08260404476883622,
      0.0693400005529704,
      0.07260142325370007,
      0.052144446243019164,
      0.10479768627762771,
      0.1506027530606726,
      0.03538074336833797,
      0.1225577425185537,
      0.028760362433199443
    ],
    [
      -0.016748348207831686,
      -0.0016544567239900592,
      0.01357771705283235,
      0.01569525231669126,
      -0.016513771456087185,
      0.0007671004003527882,
      0.017158208375808885,
      0.008858325967195484,
      0.00932546563156937,
      0.005821478156807162,
      -0.0326933929398547,
      -0.0005016160206285799,
      0.006314723797631309,
      -0.0043367811887228954,
      -0.015106138919579862,
      -0.01614073336587319,
      0.005120176975311857,
      -0.0022163049042304276,
      0.02133904145451836,
      0.028444627538208523,
      0.013435469054548082,
      -0.005287156206480717,
      0.01902600893179985,
      0.2569082172375781,
      0.017517345491100816,
      -0.014979179123108949,
      0.00261918336621787,
      -0.04209325299174433,
      0.009265321380283867,
      0.007541679804143515,
      0.03139252698220953,
      1.0,
      0.02623133810997684,
      0.003384759990317763,
      -0.027445471185814207,
      -0.03808173855632484,
      -0.05900985759509913,
      0.03213112553775076,
      -0.018123867046705232,
      -0.027228882509080645,
      -0.06621527968255739,
      0.07841376696928132,
      0.015600279360931807,
      -0.02908547661570329,
      -0.00713042757125075,
      0.020074166923750587,
      0.043693289716912415,
      -0.013613017777262947,
      -0.004761538560805834,
      -0.02971287682575565
    ],
    [
      -0.2788228488967308,
      0.07381453465525775,
      0.03204919111213786,
      0.19538052150362253,
      0.4317873198278923,
      0.009176907856896666,
      0.21517166748719943,
      0.16941527740629914,
      0.535361585815759,
      0.4662129489218247,
      0.28858498707022495,
      0.08251586020667744,
      0.09060849703067952,
      -0.02886636231355986,
      0.03936045838735961,
      0.0726799866163012,
      0.42322792866236225,
      0.8197461006304292,
      0.18446650845906062,
      -0.11772781319356018,
      0.008330630363507018,
      0.06299301989310416,
      0.18144257992279908,
      0.20663443010338556,
      0.5769363409992513,
      0.018831067755482735,
      0.04503722179485164,
      0.5058761697374394,
      0.020046748693221792,
      0.29827598922271487,
      0.11240078216506208,
      0.02623133810997684,
      1.0,
      0.44260784918191537,
      -0.4368420723226684,
      0.35959568850214746,
      0.6639610489974446,
      0.7900327894527985,
      0.2355669677481661,
      0.026857662405114776,
      0.6776121609140094,
      0.665886117051334,
      0.2301817422096412,
      0.09146230027092012,
      0.04820855919730605,
      0.18203476426247636,
      0.5154490430706975,
      0.16154016413526895,
      0.37947876585641005,
      0.017409558316274564
    ],
    [
      -0.3692224385680913,
      0.04846413552505969,
      0.043034986782570374,
      0.20981156483085012,
      0.28913763900107037,
      0.053137560339372725,
      0.20921952323566517,
      0.1897718467457017,
      0.6408915457892125,
      0.5638572001206116,
      0.01434539655105138,
      0.04850580674206604,
      0.08620922370594061,
      0.004247128751968576,
      0.03878822400501919,
      0.0725634300014475,
      0.4620102767685989,
      0.44415158262729576,
      0.18144033212735527,
      0.22094937418599067,
      0.12472580263041524,
      0.0795556338077864,
      0.26618498205137114,
      0.17439703351656588,
      0.6866968018610851,
      0.02237458963300732,
      0.03382333560926022,
      0.3214931367782272,
      0.01669730656325566,
      0.35236310166052087,
      0.13630450027543994,
      0.003384759990317763,
      0.44260784918191537,
      1.0,
      -0.4456058393386395,
      0.2520815446984204,
      0.4023060899632222,
      0.48829443712402454,
      0.21940975593312909,
      0.05247276583539962,
      0.3702746017472809,
      0.21956951927657598,
      0.16807677043008493,
      0.09469203315741802,
      0.026917404849870024,
      0.15757931148917742,
      0.17244705584110198,
      0.15227900815458997,
      0.43906285955755914,
      0.021092832439251464
    ],
    [
      0.4316177884580223,
      -0.18291619022002503,
      -0.12734075866733457,
      -0.44160271779506277,
      -0.45851770081074933,
      -0.1531904726355198,
      -0.46100472259557085,
      -0.3324653772900802,
      -0.46129071613780925,
      -0.3685678219243833,
      0.016282919941931,
      -0.19216890473045722,
      -0.23751344216773185,
      -0.09710773680325512,
      -0.1402113447841493,
      -0.19609103355795104,
      -0.6275713707606659,
      -0.3733981438072452,
      -0.4470995910427391,
      -0.26673614476946184,
      -0.28277395708755554,
      -0.13570073958217754,
      -0.32082271426887576,
      -0.2668143978475355,
      -0.5650494523016258,
      -0.13925459683442523,
      -0.14810563640758648,
      -0.2237147808786576,
      -0.08366852978084693,
      -0.4155567198045216,
      -0.1875229313538817,
      -0.027445471185814207,
      -0.4368420723226684,
      -0.4456058393386395,
      1.0,
      -0.22877092657946382,
      -0.35600496944591736,
      -0.6593817807159654,
      -0.4511364554510007,
      -0.2021656125548376,
      -0.3001376623791184,
      -0.19867057487480086,
      -0.13177671965985616,
      -0.2396049261834186,
      -0.149121447585329,
      -0.329409510758932,
      -0.21229389371413726,
      -0.12414623376754709,
      -0.44492167133737365,
      -0.14513377720528634
    ],
    [
