{
  "factors": [
    "Alpha24",
    "Alpha34",
    "Alpha43",
    "Alpha32",
    "CUSTOM_LAR",
    "Alpha69",
    "MACD_HIST",
    "Alpha19",
    "Alpha94",
    "Alpha56",
    "Alpha30",
    "Alpha2",
    "MOM_10",
    "Alpha48",
    "Alpha25",
    "Alpha51",
    "ADOSC",
    "TRANGE",
    "ATR_14",
    "AD",
    "Alpha13",
    "Alpha37",
    "Alpha50",
    "ATR_20",
    "MINUS_DI_14",
    "Alpha26",
    "Alpha9",
    "ROC_10",
    "Alpha49",
    "Alpha90",
    "Alpha1",
    "NATR_14",
    "Alpha39",
    "Alpha63",
    "Alpha46",
    "Alpha35",
    "Alpha4",
    "Alpha54",
    "Alpha18",
    "RSI_6",
    "Alpha41",
    "MOM_20",
    "Alpha33",
    "Alpha80",
    "Alpha83",
    "BOP",
    "Alpha28",
    "Alpha61",
    "Alpha101",
    "Alpha20",
    "Alpha55",
    "Alpha45",
    "Alpha70",
    "Alpha52",
    "STOCH_D",
    "Alpha89",
    "STOCHF_D",
    "STOCH_K",
    "Alpha16",
    "ROC_20",
    "PLUS_DI_14",
    "Alpha17",
    "Alpha79",
    "Alpha8",
    "Alpha23",
    "Alpha10",
    "Alpha3",
    "Alpha84",
    "STOCHF_K",
    "WILLR_14",
    "Alpha59",
    "Alpha93",
    "CUSTOM_PMS",
    "MFI_14",
    "Alpha44",
    "CUSTOM_PPF",
    "Alpha15",
    "Alpha42",
    "CDL2CROWS",
    "Alpha100",
    "AROON_DOWN",
    "Alpha57",
    "Alpha40",
    "Alpha97",
    "Alpha98",
    "Alpha75",
    "Alpha64",
    "Alpha27",
    "APO",
    "Alpha66",
    "CCI_14",
    "RSI_14",
    "CUSTOM_VAR",
    "Alpha29",
    "Alpha67",
    "Alpha12",
    "Alpha60",
    "Alpha5",
    "Alpha7",
    "MEDPRICE"
  ],
  "correlation_matrix": [
    [
      1.0,
      0.13322660724862678,
      0.17962902523596674,
      0.27129618688176904,
      -0.19045570487579166,
      0.18819669436434333,
      -0.23634889395186715,
      0.28004954155722467,
      0.32628890182953263,
      0.1374334529934656,
      0.20030822235219975,
      0.079502397291407,
      -0.3080016692198661,
      0.02201754927379217,
      0.17625536875879896,
      0.12498875962842365,
      -0.11947521473832001,
      -0.060312351160015674,
      -0.13331744224761322,
      0.002595743973875077,
      0.08672314230401025,
      0.015366598260966492,
      0.03860855772022984,
      -0.15039603600381737,
      0.19465146623379287,
      0.09670316745734424,
      0.17747335714542523,
      -0.2766569584188484,
      0.12406636402125812,
      0.17482059257430166,
      -0.18661676036000135,
      0.0970330851879474,
      0.17420169394771423,
      0.1851799130017347,
      0.1120071157366642,
      -0.19218358173751804,
      0.21399263779732652,
      0.11257884406912505,
      0.16314795828417578,
      -0.3610623914801872,
      0.1312802926850822,
      -0.30257593347909456,
      0.15969193348261926,
      0.08473165137312724,
      0.11082460502471848,
      -0.14879063413773,
      0.03505649250811151,
      0.1790159271746844,
      -0.1487553652595077,
      0.10556769723269413,
      0.07923953185641505,
      0.06346636595729116,
      0.0818277756806058,
      0.1900034350784967,
      -0.25318149502665016,
      0.1707742422963343,
      -0.30466675993946396,
      -0.30466675993946396,
      0.07733657005029945,
      -0.286104614334922,
      -0.3376725999104853,
      0.10469894399447162,
      0.1288281371839166,
      0.15376233125865876,
      0.10515539263349284,
      0.07151675099550335,
      0.06822594468807097,
      -0.0,
      -0.3416204461957076,
      -0.3416204461957076,
      0.11150823594497326,
      0.10115423201456579,
      0.012213240058348894,
      -0.22937567743479592,
      0.07302304851771993,
      -0.3495187837244393,
      0.05528154905021782,
      0.20889924336158636,
      0.010506734164433828,
      -0.1496709528642197,
      -0.19398112859489341,
      0.1415816049310718,
      0.10935320573948552,
      3.767740562010108e-05,
      -0.011636930472788099,
      0.0487880551430006,
      0.1751485088986154,
      0.057012605190171144,
      -0.1993388503468981,
      0.08905579173581078,
      -0.34314265875703037,
      -0.34144028620807687,
      -0.2923620007313807,
      0.04600367516676636,
      0.11289200599124039,
      0.11029742559032445,
      -0.09472803382132518,
      0.18435216815375913,
      0.235904608128971,
      -0.1964278269488021
    ],
    [
      0.13322660724862678,
      1.0,
      0.16182739312878497,
      0.007732691682921476,
      -0.4153867223915019,
      0.028217293454434418,
      -0.10380061573614542,
      0.15405012080567165,
      0.20320726438755024,
      0.43784222170972725,
      0.3335533462681342,
      0.052022290789706986,
      -0.17695350876871546,
      0.10698314731128657,
      0.6797924454735086,
      0.290062690106239,
      -0.02192008855074969,
      -0.06976125330082299,
      0.003054299274730608,
      0.007604831333932522,
      0.09014569154681948,
      0.42245857085442623,
      0.02476338482603654,
      0.004144896659509739,
      0.14072777320959015,
      0.03469936065818879,
      0.5110876674614752,
      -0.16923352983951112,
      0.3114808872116267,
      0.418443278035221,
      -0.37107001453910704,
      0.00819919956822099,
      0.2190291509021045,
      0.16446709341231897,
      0.14921265400175288,
      -0.3352027754493115,
      0.21193194984824482,
      0.19305800549613508,
      0.45273307715872524,
      -0.319914411689193,
      0.3147972463230291,
      -0.12508277462748013,
      0.4548838216897807,
      0.050425050971445944,
      0.2827338219983889,
      -0.3699321154420394,
      0.11339428372715318,
      0.13306437683943884,
      -0.369780754321337,
      0.22407115022122234,
      0.06812065639738084,
      0.02564308370352021,
      0.19502629554371556,
      0.058159395934845974,
      -0.04487521572119967,
      0.12076964503467781,
      -0.10781375867559459,
      -0.10781375867559459,
      0.07457301575942372,
      -0.12269205625621231,
      -0.12144505988975719,
      0.4600066411861312,
      0.41349013708941995,
      0.19183659687788895,
      0.14660314316060968,
      0.5570550717451659,
      0.04681733311123679,
      -0.0,
      -0.2613597303142917,
      -0.2613597303142916,
      0.05980808638866811,
      0.05547867478914412,
      -0.009172231687826493,
      -0.1211553801424893,
      0.0956588184073362,
      -0.23009760863045509,
      0.03955902166242492,
      0.23234687347028252,
      -0.028865057967879564,
      0.014751564587468027,
      -0.07169074588576667,
      0.2920239841194571,
      0.056197025571406406,
      -0.00572119693898301,
      0.011837393891357316,
      0.06974444618870543,
      0.18664709105474167,
      0.03903896489976859,
      -0.013942574566397197,
      0.12944787771738017,
      -0.2624567868085544,
      -0.22282606334622856,
      -0.13310717732041302,
      0.015582208525760588,
      0.3034552434952945,
      0.08252332238112942,
      0.04571053896746867,
      0.29937833775636014,
      0.1932368114287305,
      0.004112139498467461
    ],
    [
      0.17962902523596674,
      0.16182739312878497,
      1.0,
      0.015042255942463325,
      -0.3154773165334109,
      0.0900819513101302,
      -0.20991729386182867,
      0.41822002149741155,
      0.22200621615031235,
      0.19292912489936107,
      0.3252420346408224,
      0.133687238046833,
      -0.21813892057860654,
      0.03716423586952927,
      0.27076864689110586,
      0.1411329428957015,
      -0.040338142384317925,
      0.13083179534003142,
      -0.03018831337471717,
      0.04939764904015138,
      0.14426848454366237,
      0.15143707531872885,
      0.07783280774196015,
      -0.031568653979724394,
      0.22240284589976062,
      0.061129687865799955,
      0.25054767516830473,
      -0.221774370413455,
      0.1610192612460296,
      0.2575092963777956,
      -0.2036505712236006,
      -0.015093003800926789,
      0.2846287690466609,
      0.2857097877832206,
      0.17359817097857835,
      -0.11437924664097067,
      0.3150852012060779,
      0.03067333423109477,
      0.19749412308358238,
      -0.3995283554311948,
      0.15534424492229545,
      -0.09295891602448127,
      0.2023695614734647,
      0.075255822963373,
      0.08222740457782401,
      -0.12735479494450538,
      0.07470286758319634,
      0.1718440983690258,
      -0.1292010317371568,
      0.13247410344657137,
      0.16290186379091318,
      0.07925893014714755,
      0.10320431501201742,
      0.3099789003866575,
      -0.08327047556270699,
      0.4120606628018126,
      -0.18906701639577408,
      -0.18906701639577408,
      0.10899930747548144,
      -0.09949700528201134,
      -0.14755727605655722,
      0.053240009802523074,
      0.19744282934589016,
      0.3270968939755287,
      0.0909377166087604,
      0.12182865119164984,
      0.09494966889189665,
      -0.0,
      -0.301763398762751,
      -0.3017633987627512,
      0.1586625434947228,
      0.07838710574113077,
      0.1475054738027481,
      -0.08665457682363419,
      0.13530470316707185,
      -0.25371207699733017,
      0.08426989414734747,
      0.1022551781385406,
      -0.011560918216302195,
      -0.10842032727307065,
      0.046745754847581505,
      0.1496789935857878,
      0.16643394962767305,
      -0.03317670443516453,
      -0.002826113881875201,
      0.08737374033694352,
      0.25386428453798654,
      0.08707615873594889,
      0.11915489083172921,
      0.13426723087645498,
      -0.41226500042737213,
      -0.2568950396542557,
      -0.10543318220060628,
      0.21025864999075788,
      0.09456380302591785,
      0.14814530240106927,
      -0.0211656747400868,
      0.2569078388550366,
      0.4418790160945318,
      -0.023744987442082414
    ],
    [
      0.27129618688176904,
      0.007732691682921476,
      0.015042255942463325,
      1.0,
      -0.021895042860208266,
      0.030576244470796446,
      -0.04912412073392019,
      0.04562925658609012,
      0.07024384062747106,
      0.01891032284112408,
      0.010583282077340312,
      0.003888243127684453,
      -0.060352587083259836,
      -0.009693568452647289,
      0.023144939986983703,
      -0.0030001679393349247,
      -0.09178625824722068,
      -0.022900739400298964,
      -0.04693621343384379,
      0.1486870835155537,
      0.005780147890820902,
      -0.03249032640790192,
      -0.02775956586607448,
      -0.05244020691489937,
      0.021028268693074257,
      0.0018346220264614703,
      0.020472960015841254,
      -0.054677881139586854,
      -0.0074141670157858485,
      0.0006218339988909224,
      -0.022545130526780095,
      0.2107514632700232,
      -0.007853007073111845,
      0.03778659568272852,
      0.010511892381805108,
      -0.022079898679348404,
      0.015209337402767089,
      0.08319183654750364,
      0.011601020512575508,
      -0.06312121512901764,
      0.01725631319141135,
      -0.06325862854041636,
      0.018726814780639454,
      0.015577424651465435,
      0.039126686756728334,
      -0.06881246711764073,
      0.018896414422865073,
      0.059434442504082335,
      -0.06877257649123728,
      0.021385599666276973,
      -0.010462761602859317,
      -0.0028378134472435744,
      -0.003885010284539423,
      0.04397882124727113,
      -0.08350314498488805,
      0.015035692393532214,
      -0.08429912348150127,
      -0.08429912348150127,
      -0.01791391208028315,
      -0.05727959415648985,
      -0.11123953997796672,
      0.003953614284373332,
      0.0038901629859893153,
      0.006297213542107386,
      0.014209091466138387,
      0.008191154641972582,
      0.01876404270825923,
      -0.007962515024353729,
      -0.08248184716707527,
      -0.08248184716707502,
      0.01564736861190983,
      -0.006743877590702432,
      0.025092785055830333,
      -0.04701352106436808,
      -0.017880303837590154,
      -0.08072044509338051,
      -0.012252903319123673,
      0.08108107443131433,
      0.0006085510295936129,
      -0.07135110609414015,
      -0.05037985584661956,
      0.017486946272673966,
      -8.835505277721628e-05,
      0.00013736299928122496,
      -0.007488689861175458,
      -0.005362641046854845,
      0.023404671386407668,
      0.0027307608617513175,
      -0.052634373101817206,
      0.018685867698056833,
      -0.06248521591251322,
      -0.06052254321766043,
      -0.07139975458223734,
      0.007787665780661844,
      0.02711311286625282,
      0.01024730670939431,
      -0.000988924740020364,
      -0.006475828532762465,
      0.043243668442840166,
      -0.1491838044295572
    ],
    [
      -0.19045570487579166,
      -0.4153867223915019,
      -0.3154773165334109,
      -0.021895042860208266,
      1.0,
      0.015072599042630216,
      0.13541352962280956,
      -0.20667500602062386,
      -0.1939762237193757,
      -0.38782080065842633,
      -0.24314581321617046,
      -0.0845458046964183,
      0.23932439833854396,
      -0.0623863879474317,
      -0.5943123655574626,
      -0.3168477033734967,
      0.04904816014128462,
      0.06721357051906318,
      0.0035928738071405184,
      0.009220930134653155,
      -0.11199645651376068,
      -0.33871264152900105,
      -0.03277352097577688,
      0.001039480126092948,
      -0.1878207528714729,
      -0.06062530506431452,
      -0.7836921712652706,
      0.2557253234746512,
      -0.34831815747413375,
      -0.32596733886595486,
      0.23932946257466167,
      -0.010561442876763963,
      -0.187818400483362,
      -0.1385568377479723,
      -0.2101865345884586,
      0.577839159272461,
      -0.21878789576298163,
      -0.21345122960281596,
      -0.39902015910581473,
      0.3981428887547589,
      -0.49440866808730066,
      0.18155410329445942,
      -0.4239827870238028,
      0.02892118224524721,
      -0.32923650411673316,
      0.4235364994395228,
      -0.1407412521841078,
      -0.13257774290823587,
      0.4233414681954223,
      -0.20444919821898996,
      -0.10365977085981531,
      -0.14976391292158053,
      -0.2038388716001723,
      -0.057008179532016236,
      0.0500160026288024,
      -0.1265368845660104,
      0.12993973237889436,
      0.12993973237889436,
      -0.09833450995528731,
      0.19073272017770543,
      0.16392552381771117,
      -0.42191443633372605,
      -0.3178696811994377,
      -0.17685036016207265,
      -0.15868858626357657,
      -0.4299494523965641,
      -0.05386509697051431,
      0.0,
      0.3349160059006955,
      0.33491600590069587,
      -0.12015049417866948,
      -0.059043785738582454,
      -0.13648100304816882,
      0.15387413694526617,
      -0.13109401101265838,
      0.30662759717508986,
      -0.05974174573365113,
      -0.17719038297252615,
      0.014771972459884982,
      -0.04750503613112061,
      0.07146092555975735,
      -0.47884501177998623,
      -0.09664320274767321,
      0.021314333036221066,
      -0.003503308866695406,
      -0.09395246943912824,
      -0.16547130420477207,
      -0.047049597961806404,
      0.02494562403584102,
      -0.1278790067014687,
      0.33234117843561073,
      0.2907721190406976,
      0.17792081660874542,
      -0.03339151778803625,
      -0.2431984689418568,
      -0.429361315233204,
      -0.08991957445546636,
      -0.24616009393733546,
      -0.30394899410470116,
      -0.00498661797795953
    ],
    [
      0.18819669436434333,
      0.028217293454434418,
      0.0900819513101302,
      0.030576244470796446,
      0.015072599042630216,
      1.0,
      -0.2524628035149651,
      0.2080338485690831,
      0.47188557173965573,
      0.03941330094977334,
      0.14008172218864232,
      0.09415140779667902,
      -0.25393445005391907,
      0.031114537637901205,
      0.049014855620820384,
      0.06910488795856953,
      -0.14977990125847926,
      -0.3375060845705706,
      -0.36993753968822923,
      -0.10048826635800513,
      0.070768382025376,
      0.024913487607481057,
      0.05272167566407687,
      -0.370873667291943,
      0.09352353739396303,
      0.08125050532013267,
      -0.031664865408355225,
      -0.24411953079068688,
      0.06878701532283449,
      0.09434305032068757,
      -0.12170773796574864,
      -0.023557857382954652,
      0.3582985335359915,
      0.2647303489689191,
      0.12550897845071432,
      -0.07665081015574471,
      0.27499378597388696,
      0.10476682665999722,
      0.12223872517366179,
      -0.2680680378892038,
      -0.052166417980660816,
      -0.2003589001600231,
      0.12480701325338617,
      0.24487046150633213,
      0.0061881985089441115,
      -0.10378748019599378,
      0.04157924328685157,
      0.24745514710012978,
      -0.10390543712230818,
      0.025783940337637607,
      0.04214681785049521,
      0.018536391448636735,
      0.04649385201835349,
      0.08640303012536682,
      -0.316488016467376,
      0.22671925463640685,
      -0.32242183578089945,
      -0.32242183578089945,
      0.04783547943754038,
      -0.20003052428608065,
      -0.30377520414234044,
      0.07666847336792296,
      0.06909341990137753,
      0.1797427843937944,
      0.07656700669045702,
      -0.031552919916910394,
      0.03548400372172668,
      -0.0,
      -0.2963084345781271,
      -0.2963084345781271,
      0.04399981729490684,
      0.12904782404596377,
      -0.09654312590834246,
      -0.21551389835721874,
      0.022406244464399233,
      -0.28429383200501374,
      0.05247119545238995,
      0.2776569642229421,
      0.010482966271858926,
      -0.08876098185138387,
      -0.20461945931540648,
      -0.026577058476359623,
      0.06112663675402425,
      0.056449643311220106,
      -0.023267219352084687,
      -0.001781921430728328,
      0.19427656554043052,
      0.05874450035473767,
      -0.1421879063462981,
      0.07558171764141143,
      -0.25441533778137065,
      -0.2488063242832203,
      -0.19786840073284,
      0.1327803461713128,
      0.17119887573149553,
      -0.01537503315547737,
      -0.09835208705714885,
      0.19259994913649497,
      0.11615145019185087,
      -0.35124732101232226
    ],
    [
      -0.23634889395186715,
      -0.10380061573614542,
      -0.20991729386182867,
      -0.04912412073392019,
      0.13541352962280956,
      -0.2524628035149651,
      1.0,
      -0.5808223584206014,
      -0.43578007374605343,
      -0.17298460911401375,
      -0.29107031717942583,
      -0.20913309239505967,
      0.8035492698282692,
      -0.016634762688547133,
      -0.1355788543458659,
      -0.1360829880696489,
      0.12573464287808078,
      -0.10237576941304705,
      0.005388622130182432,
      0.03786186072558352,
      -0.18784994789203566,
      -0.08375203742784824,
      -0.1580497006826737,
      0.013863586188348974,
      -0.44859667621670757,
      -0.22966157459360778,
      -0.07037127195877597,
      0.7561198357968791,
      -0.15589970351931037,
      -0.2878359604608753,
      0.21013596985704713,
      -0.011706740173657328,
      -0.5281342569051601,
      -0.4353863696250866,
      -0.37109029240589136,
      0.29961643392826914,
      -0.41580691655623825,
      -0.04381037348774249,
      -0.09770647440522132,
      0.6757474634087424,
      -0.09834705975966694,
      0.5142047881185353,
      -0.10497109609982044,
      -0.24690406303107865,
      -0.07387893116205665,
      0.10218517735691474,
      -0.05251051766089293,
      -0.20842045104021326,
      0.10222471806006223,
      -0.10217866024395303,
      -0.1477247695580673,
      -0.08371064365585147,
      0.15706365976259368,
      -0.5722776237152569,
      0.639236798927597,
      -0.5021107556951291,
      0.6719349330742486,
      0.6719349330742486,
      -0.13924978791247003,
      0.5013054708714201,
      0.4457892403233654,
      -0.16294917898794273,
      -0.0885728428834845,
      -0.33740914308621994,
      -0.11261023485825516,
      0.03233571348640428,
      -0.11204868197340757,
      0.005566769592565632,
      0.6449611007367904,
      0.6449611007367906,
      -0.2731502903156633,
      -0.3731093824757195,
      0.0032290300940796385,
      0.5769688610486833,
      -0.14915262992584763,
      0.6199175067100505,
      -0.11257658705513349,
      -0.04257694958725731,
      -0.007108221312259271,
      -0.07061848700850915,
      0.5128111855472388,
      -0.11076229201463819,
      -0.28314568852880073,
      -0.012949121670574408,
      0.05471285669160432,
      -0.045158330124160775,
      -0.3318629033691249,
      -0.12922797762171986,
      0.3002365778527382,
      -0.13382641352873637,
      0.6846532367890684,
      0.545366481485556,
      0.4798745830365203,
      -0.1586553265557325,
      -0.013201938096701005,
      -0.08359217906723967,
      0.004640434942792898,
      -0.4328414491140484,
      -0.47557596198098856,
      0.002805886458936242
    ],
    [
      0.28004954155722467,
      0.15405012080567165,
      0.41822002149741155,
      0.04562925658609012,
      -0.20667500602062386,
      0.2080338485690831,
      -0.5808223584206014,
      1.0,
      0.37291301305032265,
      0.18787371095692723,
      0.2884478630228712,
      0.2120125928495152,
      -0.5876733319795321,
      0.04547325805757858,
      0.21498975851999447,
      0.15575046141377044,
      -0.12192480727926752,
      0.1199515492651694,
      0.03888687604056514,
      0.026993966987079513,
      0.17893175925179133,
      0.15078763662110695,
      0.14237498592735653,
      0.031898963784532205,
      0.44012201974845894,
      0.21397289052107055,
      0.16713590248018437,
      -0.5972154634952844,
      0.17356919392800066,
      0.3188318031329529,
      -0.23433231388726822,
      0.07262655720176517,
      0.6400889377909856,
      0.42075833768027365,
      0.29815385268150213,
      -0.3574256827786917,
      0.40103197126894274,
      0.06881701052864851,
      0.11700462821694076,
      -0.6990329267666128,
      0.13656450570677825,
      -0.39657715848027547,
      0.12870584365945328,
      0.21806575018716956,
      0.11781381917262695,
      -0.14247505613825662,
      0.11833833782328633,
      0.185084671515317,
      -0.14252482428977292,
      0.13532208283893105,
      0.17898778445370286,
      0.09186203767933507,
      -0.06880679912627576,
      0.4890388561299012,
      -0.5339176924048707,
      0.5527657500247004,
      -0.6064196039726585,
      -0.6064196039726585,
      0.1417798470327012,
      -0.41355867001220487,
      -0.4302387676071271,
      0.228315617555054,
      0.1311488365546142,
      0.3191730175846449,
      0.09616329820452665,
      0.06098566346711558,
      0.1196226829919882,
      0.0038239388016567187,
      -0.6511428501738947,
      -0.6511428501738953,
      0.2315122106608439,
      0.2719668337980708,
      -0.008729665298985756,
      -0.4498894313353492,
      0.16906000109233094,
      -0.6083759346973843,
      0.13108456887478515,
      0.05347372072061145,
      0.009368753494420895,
      -0.07660690608644341,
      -0.38768307938447544,
      0.15528387601483462,
      0.20719676399333195,
      -0.021453340318465894,
      -0.0066420815671836475,
      0.10502204132138145,
      0.3025815547464837,
      0.12343266706950888,
      -0.18156333042037773,
      0.1576489294928488,
      -0.7219432815342001,
      -0.5869696382442662,
      -0.4423893622458733,
      0.31062539185775473,
      0.06667332531277373,
      0.10775929839043229,
      -0.05344041541246782,
      0.39325978078880613,
      0.5164061779234869,
      0.005865818535471826
    ],
    [
      0.32628890182953263,
      0.20320726438755024,
      0.22200621615031235,
      0.07024384062747106,
      -0.1939762237193757,
      0.47188557173965573,
      -0.43578007374605343,
      0.37291301305032265,
      1.0,
      0.2133932365647473,
      0.32236875304855495,
      0.17746765906434153,
      -0.5202226396549144,
      0.025082481084223767,
      0.24413340694292865,
      0.15049118111468132,
      -0.23299013855274403,
      -0.37036451445860225,
      -0.45957073069976867,
      -0.14783910156600338,
      0.17334769314338838,
      0.14589708085047104,
      0.09809509720697644,
      -0.4584050588378895,
      0.2795482033164889,
      0.1385376282928737,
      0.16216957763661025,
      -0.48486497785544436,
      0.1602465193932512,
      0.24184266778897523,
      -0.2996568630419741,
      -0.01352058568567018,
      0.58140909299955,
      0.45581802774502683,
      0.27891037269794394,
      -0.24026079424589708,
      0.5071961278057203,
      0.1910413266309014,
      0.2955580034392059,
      -0.5680770651565347,
      0.0839831441608182,
      -0.37240378818151865,
      0.28999140200253554,
      0.29173498701802086,
      0.09643520898890061,
      -0.24700628597834387,
      0.05791443628676019,
      0.5029271274618893,
      -0.24620464865255756,
      0.16237141928125254,
      0.14273483709399695,
      0.08581510728586582,
      0.15075449492834955,
      0.3056616800455413,
      -0.5149565736258221,
      0.37951485083326025,
      -0.5788698831335412,
      -0.5788698831335412,
      0.13396821441511853,
      -0.36339176791930333,
      -0.5179795114295448,
      0.20316173854137962,
      0.25734972074268425,
      0.36212528440140396,
      0.1411550477730998,
      0.08914085515411511,
      0.04799177276812078,
      -0.0,
      -0.6121194838307467,
      -0.6121194838307472,
      0.14347569597676457,
      0.3096409184856169,
      -0.018684833106538293,
      -0.4005979870500942,
      0.12698355895749647,
      -0.5727009831382027,
      0.10854102849434162,
      0.4080689675563718,
      0.01407522137026563,
      -0.12049589216102341,
      -0.3195861055269834,
      0.11084015880899217,
      0.12430646301971472,
      0.03554330716047564,
      -0.0315236367210911,
      0.051911525348168834,
      0.3823607390378886,
      0.12292244897979472,
      -0.2098408464968719,
      0.14083252223450182,
      -0.5639554800423195,
      -0.5165200348359342,
      -0.38715452904723313,
      0.12827039022144943,
      0.22719343032853787,
      0.1081232987639911,
      -0.11104730533783898,
      0.3804758257050015,
      0.3249228616710973,
      -0.4451883272635849
    ],
    [
      0.1374334529934656,
      0.43784222170972725,
      0.19292912489936107,
      0.01891032284112408,
      -0.38782080065842633,
      0.03941330094977334,
      -0.17298460911401375,
      0.18787371095692723,
      0.2133932365647473,
      1.0,
      0.3283531309909746,
      0.08650038581459847,
      -0.2232452948946344,
      0.09200744500990009,
      0.561925197997289,
      0.27091717425629336,
      -0.03727851062159332,
      -0.023436217547622307,
      0.006739397965901315,
      0.00875804538505596,
      0.11643704101516164,
      0.36985851132828235,
      0.05494980375595342,
      0.006347645746126906,
      0.2035741066245785,
      0.04525403385832882,
      0.35449960795543367,
      -0.26623133121116377,
      0.29091152999020603,
      0.4594569183093875,
      -0.3901069961758315,
      0.017022763239624403,
      0.26852868786728923,
      0.19815301602126847,
      0.18936394243030363,
      -0.32189386016091237,
      0.3001569454940548,
      0.1568771803872236,
      0.41568175297102833,
      -0.39949638596212156,
      0.22961051780689298,
      -0.16363830745912294,
      0.489399221609915,
      0.11549151164090272,
      0.21175649368706795,
      -0.32518739904877575,
      0.13251722798738785,
      0.11973799331101179,
      -0.3249562665186867,
      0.22712929783785352,
      0.09298845166833235,
      0.06753116406360528,
      0.1554551233142882,
      0.07541565565768764,
      -0.13369162990295425,
      0.1917579496304658,
      -0.20025094238722232,
      -0.20025094238722232,
      0.09933958951025514,
      -0.19423081310052956,
      -0.19558776450662022,
      0.4501403400535809,
      0.3650921586432274,
      0.227719737236424,
      0.15921956626828412,
      0.42674139964841584,
      0.05425153752372436,
      0.0,
      -0.33269160326998026,
      -0.33269160326998026,
      0.0855137708402983,
      0.08973666736277526,
      -0.14851163918328486,
      -0.1982218651048648,
      0.10998500512799657,
      -0.3044180209699816,
      0.06725385682182507,
      0.20900081689351088,
      -0.015796516934937256,
      0.027277768206271823,
      -0.17816964084605863,
      0.21269264368395627,
      0.060607492074773096,
      -0.012063202489405468,
      0.021558903668480137,
      0.08509161987265136,
      0.21835050839100428,
      0.05683360612168168,
      -0.05482940709195629,
      0.1294458029327294,
      -0.3329996670211803,
      -0.3019416473822609,
      -0.20712163837086955,
      0.014083329692081191,
      0.3266328172065793,
      0.10872191821562512,
      0.05590586835208408,
      0.3604302232282751,
      0.2287219243063863,
      0.005633129960878183
    ],
    [
      0.20030822235219975,
      0.3335533462681342,
      0.3252420346408224,
      0.010583282077340312,
      -0.24314581321617046,
      0.14008172218864232,
      -0.29107031717942583,
      0.2884478630228712,
      0.32236875304855495,
      0.3283531309909746,
      1.0,
      0.10954999556500747,
      -0.33032073717030885,
      0.05536631331398457,
      0.4554922696856571,
      0.1726056792189295,
      -0.06442246870701702,
      0.054364606745602714,
      0.027204045832535176,
      0.01104384382974837,
      0.1462395005443119,
      0.26127186821752185,
      0.06244244464816533,
      0.021254366399605207,
      0.3062470267188111,
      0.05453772353406767,
      0.18244886002611077,
      -0.3546287516977254,
      0.18122348349802164,
      0.5298924300104574,
      -0.5349554700193901,
      0.038329669826202714,
      0.36500819951404234,
      0.35929988964904724,
      0.2087818972384361,
      -0.23961432989941558,
      0.4527571076506823,
      0.09375609830641413,
      0.2413876699650028,
      -0.5227944545156296,
      0.1384589717483147,
      -0.22590921377374829,
      0.3141773660374075,
      0.2193645423670856,
      0.13748437997899893,
      -0.2120376388352896,
      0.0771360521820142,
      0.20526805430279613,
      -0.2117823165218625,
      0.24220473218532193,
      0.10320725265754617,
      0.03415069106498077,
      0.07495753375258729,
      0.22575301573936443,
      -0.23647415418062656,
      0.3522480726355109,
      -0.3428240224414694,
      -0.3428240224414694,
      0.12109357628827476,
      -0.24235748468279197,
      -0.264864848251518,
      0.3233046491432604,
      0.2996428235354521,
      0.3113004444562753,
      0.14894501088949036,
      0.12145439799112565,
      0.09417104016456752,
      -0.0,
      -0.4220565141240828,
      -0.4220565141240831,
      0.09525814352001827,
      0.18949090446112654,
      0.038470387531981814,
      -0.30780044283366825,
      0.12852562338110926,
      -0.3956070650466238,
      0.09282483316715118,
      0.133806770558886,
      0.011121823622207072,
      -0.02090536183612943,
      -0.14846661714844717,
      0.13647470201693732,
      0.12961867371121508,
      0.019395777396899114,
      0.0035773417963540595,
      0.06417292306983416,
      0.34134874367676055,
      0.0922440624338885,
      -0.07454532226093462,
      0.1647073962645719,
      -0.48048430941623316,
      -0.40271637009949013,
      -0.2653803007388867,
      0.05636699021323522,
      0.22249992990921116,
      0.05311182631840921,
      0.027202958949042025,
      0.4142321126655979,
      0.3431382217333669,
      0.012223344667007903
    ],
    [
      0.079502397291407,
      0.052022290789706986,
      0.133687238046833,
      0.003888243127684453,
      -0.0845458046964183,
      0.09415140779667902,
      -0.20913309239505967,
      0.2120125928495152,
      0.17746765906434153,
      0.08650038581459847,
      0.10954999556500747,
      1.0,
      -0.21258940989224775,
      0.0069244670167406324,
      0.06637581897620934,
      0.062412468291119266,
      -0.053456160578487885,
      0.012950803483819955,
      0.009057206676147431,
      0.012559261473079357,
      0.2950046778413191,
      0.05221730375359492,
      0.199108338325735,
      0.010251751862536174,
      0.20513310998702888,
      0.1629864797049444,
      0.04212109508558027,
      -0.2357656691421363,
      0.06722419180468431,
      0.143522756765584,
      -0.11164081963600114,
      0.007963311871318778,
      0.23697823836476192,
      0.188375133573774,
      0.12122841830037558,
      -0.13628083357573445,
      0.219334694181249,
      0.012269459736529738,
      0.04500221746443982,
      -0.2687242481264748,
      0.035629915198566106,
      -0.15132473659869325,
      0.07643537872931995,
      0.1265532979232393,
      0.019203697072486856,
      -0.05069753715427214,
      0.006766330286507375,
      0.08624642526616404,
      -0.050248903124688826,
      0.05003331795416843,
      0.4004192185513876,
      0.10687475552538143,
      -0.00911027438676318,
      0.1443090794337153,
      -0.19589579178386393,
      0.2093346309589538,
      -0.22117037491930083,
      -0.22117037491930083,
      0.1244539227507811,
      -0.16349439420997627,
      -0.17735904918637063,
      0.13754664441396175,
      0.044447776600919586,
      0.1754690310708531,
      0.04461368271457322,
      0.013164626923948803,
      0.0053354328765540604,
      -0.0,
      -0.23350891734648033,
      -0.23350891734648033,
      0.19996267630056408,
      0.1514817546874319,
      -0.005530738870532424,
      -0.19080646741306845,
      0.12852300557083796,
      -0.2217816312025779,
      0.08162793738122262,
      0.006817202296256914,
      0.0054902774432667445,
      -0.0037514404916181923,
      -0.15744720356467726,
      0.05335556455389097,
      0.12055450655120165,
      -0.03445377050638863,
      0.0021645790857289194,
      0.08850077459611201,
      0.147979923158698,
      0.1886117709778021,
      -0.06898847578157846,
      0.0619219977766825,
      -0.2710229290571793,
      -0.23292096377042007,
      -0.1717053527360466,
      0.05816325588966261,
      -0.0036256932034495677,
      0.11308573156449302,
      0.00014908426180711734,
      0.18514424850164837,
      0.1897777385294509,
      0.010430461445970268
    ],
    [
      -0.3080016692198661,
      -0.17695350876871546,
      -0.21813892057860654,
      -0.060352587083259836,
      0.23932439833854396,
      -0.25393445005391907,
      0.8035492698282692,
      -0.5876733319795321,
      -0.5202226396549144,
      -0.2232452948946344,
      -0.33032073717030885,
      -0.21258940989224775,
      1.0,
      -0.028421034955318045,
      -0.22244790700628442,
      -0.18597980369017897,
      0.15512436320145748,
      -0.13535219076538427,
      -0.03850857695669416,
      0.026877779883809176,
      -0.20314404408175044,
      -0.1740317790083898,
      -0.1744165425948122,
      -0.02713694825738064,
      -0.5800964585161995,
      -0.2594013365301836,
      -0.1890911201565072,
      0.8864480660835651,
      -0.20448742590227614,
      -0.34951927204758754,
      0.253172495659791,
      -0.13313108589762102,
      -0.5903233913082897,
      -0.4454380251525194,
      -0.42598009221301253,
      0.3487556290543567,
      -0.45585805246679983,
      -0.09189737292351184,
      -0.15797955131981978,
      0.7566455921242217,
      -0.17227869920770705,
      0.642248139843234,
      -0.16594779028952644,
      -0.251576663188014,
      -0.13574361626684842,
      0.1638686475432514,
      -0.060538654986487174,
      -0.22933345710661932,
      0.16392369400002438,
      -0.15029850835913017,
      -0.17139696363529708,
      -0.11286884437946236,
      0.1211067222496348,
      -0.6396977744022154,
      0.6739878889368787,
      -0.4713817865538137,
      0.7130825281094686,
      0.7130825281094686,
      -0.15969431000298054,
      0.605999255690845,
      0.5821306311908397,
      -0.21893344931428954,
      -0.15628560627697288,
      -0.3953169356505078,
      -0.12480862418894205,
      -0.04978165289854052,
      -0.13074202277636396,
      0.005202856265723652,
      0.7170483804422045,
      0.7170483804422051,
      -0.2538941262976931,
      -0.4462627080566951,
      -0.07215800189188357,
      0.6089597935469632,
      -0.19665766541691185,
      0.706288644557748,
      -0.12864952831233467,
      -0.09209528893916774,
      -0.014478317550324605,
      -0.05121806294018337,
      0.5518624113189023,
      -0.21279498480139492,
      -0.3465751672495943,
      -0.010634148526629372,
      0.03072199478702358,
      -0.07182747547409066,
      -0.33233979912888845,
      -0.14276976993198223,
      0.4169721051883639,
      -0.13754694714964283,
      0.763145922273943,
      0.7254737045686863,
      0.5908053448430446,
      -0.1558981005560699,
      -0.06419973952173885,
      -0.13823437091925342,
      -0.006757713102010122,
      -0.4883678604468624,
      -0.5270212281104859,
      0.03243950546087448
    ],
    [
      0.02201754927379217,
      0.10698314731128657,
      0.03716423586952927,
      -0.009693568452647289,
      -0.0623863879474317,
      0.031114537637901205,
      -0.016634762688547133,
      0.04547325805757858,
      0.025082481084223767,
      0.09200744500990009,
      0.05536631331398457,
      0.0069244670167406324,
      -0.028421034955318045,
      1.0,
      0.1474154642954915,
      0.06971840426620196,
      0.0018696014352077592,
      0.0026817891843487233,
      0.003414268311755244,
      0.003426448505568858,
      0.013509049165914748,
      0.0893095936828302,
      -0.007117062104706302,
      0.00228306739361191,
      0.007754177825526894,
      0.0032033961350730004,
      0.10826608638522543,
      -0.023547094061223444,
      0.06899437726224156,
      0.07850509142386178,
      -0.04771331828964994,
      -0.005796895857492733,
      0.03507778495661313,
      0.01655981945475531,
      0.06226469944303879,
      -0.08038150863002369,
      0.0318969557458451,
      0.052370540252824956,
      0.10007265223444817,
      -0.0573452152437737,
      0.044722775302436846,
      -0.017258760168039223,
      0.1045974120264066,
      0.004263033953947759,
      0.06209916960498117,
      -0.09116982570182856,
      0.0008051752007249268,
      0.016485078203728114,
      -0.09103632478064179,
      0.042408362452313796,
      0.015831674930893897,
      0.01832351366159929,
      0.011758209092010643,
      -0.007451187582017689,
      -0.005144946170494798,
      0.015573966112609713,
      -0.013205808279015154,
      -0.013205808279015154,
      0.010900987576642571,
      -0.014889306298191605,
      -0.0192682359244297,
      0.11268063175893761,
      0.0685291750961512,
      0.030811945227197858,
      0.0056553552568737175,
      0.13051225286266024,
      -0.0029319881871071145,
      0.0,
      -0.05630318392267079,
      -0.05630318392267077,
      0.004500403796334153,
      -0.004641440937478871,
      -0.04874233116818552,
      -0.020986090371311827,
      0.014886248048137632,
      -0.04893090594007897,
      0.0038490146180242017,
      0.05275561172460062,
      -0.008815964406258057,
      -0.001534221979836268,
      -0.016116973460010058,
      0.04993540957988526,
      0.0013697463734397243,
      0.0019336070976878116,
      0.00795579942368441,
      0.013508914092420526,
      0.024138259478770196,
      -0.0006370142785341487,
      -0.004155441230865997,
      0.025453773279321145,
      -0.04192013042703707,
      -0.034107049993749416,
      -0.01970693106576772,
      -0.016728462108952524,
      0.06060447163675153,
      0.008444992953955907,
      0.0006654434109888481,
      0.05619959380296928,
      0.045351333949149426,
      0.006366478811572691
    ],
    [
      0.17625536875879896,
      0.6797924454735086,
      0.27076864689110586,
      0.023144939986983703,
      -0.5943123655574626,
      0.049014855620820384,
      -0.1355788543458659,
      0.21498975851999447,
      0.24413340694292865,
      0.561925197997289,
      0.4554922696856571,
      0.06637581897620934,
      -0.22244790700628442,
      0.1474154642954915,
      1.0,
      0.37691868184701066,
