{
  "factors": [
    "Alpha1",
    "Alpha2",
    "Alpha3",
    "Alpha4",
    "Alpha5",
    "Alpha6",
    "Alpha7",
    "Alpha8",
    "Alpha9",
    "Alpha10",
    "Alpha11",
    "Alpha12",
    "Alpha13",
    "Alpha14",
    "Alpha15",
    "Alpha16",
    "Alpha17",
    "Alpha18",
    "Alpha19",
    "Alpha20",
    "Alpha21",
    "Alpha22",
    "Alpha23",
    "Alpha24",
    "Alpha25",
    "Alpha26",
    "Alpha27",
    "Alpha28",
    "Alpha29",
    "Alpha30",
    "Alpha31",
    "Alpha32",
    "Alpha33",
    "Alpha34",
    "Alpha35",
    "Alpha36",
    "Alpha37",
    "Alpha38",
    "Alpha39",
    "Alpha40",
    "Alpha41",
    "Alpha42",
    "Alpha43",
    "Alpha44",
    "Alpha45",
    "Alpha46",
    "Alpha47",
    "Alpha48",
    "Alpha49",
    "Alpha50"
  ],
  "correlation_matrix": [
    [
      1.0,
      -0.10836069596578135,
      -0.06971314031540911,
      -0.39074262113250197,
      -0.3630440546000473,
      -0.08019958789772007,
      -0.29128252444238073,
      -0.27260923287253386,
      -0.31634500315922426,
      -0.19137405285029235,
      -0.09533700594934938,
      -0.10761138060196264,
      -0.1353043001883873,
      -0.05129940542797272,
      -0.08617187972048918,
      -0.11306812483273064,
      -0.3309692343782031,
      -0.23340854225355212,
      -0.30002276495460767,
      -0.2644253446223548,
      -0.22117838461353126,
      -0.07806981394638847,
      -0.381883126614103,
      -0.2600505765924901,
      -0.4175602233266696,
      -0.05080881706771427,
      -0.07836462513689335,
      -0.1670765675050561,
      -0.039672670598790594,
      -0.5496046416504845,
      -0.2257521745644473,
      -0.01696253969012644,
      -0.2832138850038418,
      -0.3715399642558043,
      0.43249730913297046,
      -0.15074314745965076,
      -0.24992380558381513,
      -0.5091241220212712,
      -0.3254892355821586,
      -0.08351735259310808,
      -0.2002945783517198,
      -0.13667116923041478,
      -0.24344326103398573,
      -0.10603890160850209,
      -0.07071717571230758,
      -0.19745144254628166,
      -0.22110797799452678,
      -0.08391208106470933,
      -0.29566417497348363,
      -0.06083435455333673
    ],
    [
      -0.19137405285029235,
      0.010401523992734984,
      -0.009800526077408472,
      0.07156737367645895,
      0.18703361666578386,
      -0.006524972762176905,
      0.08502635665645573,
      0.06100449422715809,
      0.8553682428957337,
      1.0,
      0.06249349070489139,
      0.04148624054795996,
      0.02850699038254987,
      -0.06361727450190585,
      0.004903242430019456,
      0.02676447064201818,
      0.47210314188003477,
      0.49941844744859976,
      0.07147160299465626,
      0.16749565883755077,
      -0.042361686627940744,
      0.035967012857311076,
      0.10924619738593254,
      0.09450026858354492,
      0.7030601194300913,
      -0.009897130569847097,
      -0.004841314264158109,
      0.35189515466494203,
      -0.011273932654791114,
      0.13805831217832004,
      0.06451672783406584,
      0.00663539284614565,
      0.469517687304088,
      0.5610358630342747,
      -0.3653125049141297,
      0.26009686549991495,
      0.40737830110115664,
      0.4123718209535261,
      0.08418921768319938,
      -0.0011439183152923383,
      0.387884543221397,
      0.2350622500187328,
      0.14072165877388748,
      0.034276578439409795,
      0.009649635440801165,
      0.10378804594365573,
      0.14094151257869655,
      0.18185532215300332,
      0.43600991917589776,
      -0.011330176836566506
    ],
    [
      -0.09533700594934938,
      0.06709397441651528,
      0.023998761503992456,
      0.18058094228789806,
      0.3342234513175833,
      0.014952948433242816,
      0.10042826503104046,
      0.1056034039432253,
      0.09993893342191389,
      0.06249349070489139,
      1.0,
      0.05363550571325572,
      0.06488673253635828,
      -0.007498708077375249,
      0.038945811625265496,
      0.05116108998318415,
      -0.11650641747224592,
      0.28335270820850245,
      0.11200157881413506,
      -0.029008394567690506,
      -0.2383285349933917,
      0.02562933141626023,
      0.023936725469217594,
      0.09209003720095707,
      0.11140630788180114,
      0.03779396454504701,
      0.028829829273890686,
      0.21139816540098022,
      0.01843077216849075,
      0.14457274401830028,
      0.04941643409523007,
      -0.032902988917336,
      0.28621681009120514,
      0.0164875552172461,
      0.01688872453831593,
      0.1400441473740747,
      0.24318486324137661,
      0.25211306049897286,
      0.1462166064958494,
      0.04075066601020807,
      0.37359028970414915,
      0.2007885442145085,
      0.3673637054135683,
      0.051194557828019384,
      0.036255963983754635,
      0.07225663419063237,
      0.3594582999360149,
      0.04080766894520574,
      0.06910738271209897,
      0.03013725744466112
    ],
    [
      -0.10761138060196264,
      0.13005815537468418,
      0.0521471526920208,
      0.16003893382177228,
      0.10608554200826774,
      0.07300415880520214,
      0.19153016154965227,
      0.11317563738680653,
      0.06851824149027785,
      0.04148624054795996,
      0.05363550571325572,
      1.0,
      0.17646261772335053,
      0.0524149879904909,
      0.09438116397367677,
      0.13021975610717873,
      0.20295946889794872,
      0.06879029926573556,
      0.12869019524195377,
      0.10946459045172334,
      0.008954132502038359,
      0.1415021302317984,
      0.129594038093728,
      0.1092361521087471,
      0.06715702272401863,
      0.0914181659149513,
      0.07622987128128017,
      0.02584442476657764,
      0.003883052303105364,
      0.0803810370836535,
      0.06795437648036162,
      -0.00010825866311038814,
      0.08131315127381679,
      0.048841188438077214,
      -0.1927698993943417,
      0.08834489145624186,
      0.05264509140339565,
      0.13921737088765743,
      0.13480558835885684,
      0.1116074108085446,
      0.03752127566682912,
      0.012178861719751983,
      0.13334342931862816,
      0.17838807566747256,
      0.7947828787533282,
      0.07486649055605807,
      0.07495143905772664,
      0.03619845481761448,
      0.07778236503337141,
      0.072014252085968
    ],
    [
      -0.1353043001883873,
      0.2904651123214924,
      0.29723784315338303,
      0.24644907194785842,
      0.18619718957726025,
      0.22566320808327964,
      0.3496745283814454,
      0.18615226744395105,
      0.0688659243878314,
      0.02850699038254987,
      0.06488673253635828,
      0.17646261772335053,
      1.0,
      0.18274643212256136,
      0.45742416934507046,
      0.7188157739656499,
      0.1660372257448382,
      0.06030277455314295,
      0.23423000541022465,
      0.08746492914082989,
      0.022988181505809616,
      0.28792368720249367,
      0.13722423041792595,
      0.13865414989139496,
      0.09451978494065481,
      0.23311250395997674,
      0.49940823961021324,
      -0.0027529768705590596,
      0.049392028279583555,
      0.14506698895736214,
      0.0863973923203471,
      0.005996140555408007,
      0.09219942151443127,
      0.08731932228138872,
      -0.2402335762947081,
      0.11015511730898599,
      0.07018976635272313,
      0.194607907542117,
      0.21714995485581048,
      0.2752268648087861,
      0.045472692243772365,
      0.024144918698002893,
      0.17028984561081445,
      0.5334120480356302,
      0.13864719943795362,
      0.13974933659260724,
      0.1377612623331239,
      0.021476013836722888,
      0.1129020693279633,
      0.41128637963043746
    ],
    [
      -0.05129940542797272,
      -0.006150344269210073,
      0.5181261825723071,
      0.10902447388464724,
      0.08282426203618509,
      0.851758140330759,
      0.2816999713795402,
      0.06887576916882439,
      -0.03708113509363629,
      -0.06361727450190585,
      -0.007498708077375249,
      0.0524149879904909,
      0.18274643212256136,
      1.0,
      0.15933204400380058,
      0.2186368499012264,
      0.017302642724263545,
      -0.029131683181526733,
      0.10128055816792,
      0.03879517675179182,
      -0.0036999309073183564,
      -0.016579094870009234,
      0.06265316707754898,
      0.06402826289518494,
      -0.012137993559712776,
      0.28555731981443117,
      0.23225346540903313,
      -0.05705505893787663,
      0.0519820324894896,
      0.05428443660379158,
      0.04357473594853767,
      -0.006698732304604386,
      -0.030530648206649972,
      0.0033529463634447885,
      -0.09952627268587927,
      0.14954731954318395,
      -0.024474447456373113,
      0.029734754749366626,
      0.0660463204024229,
      0.7147185070912121,
      -0.020706367324963452,
      -0.028636556610379497,
      0.07021929842120128,
      0.2903021657134687,
      0.04098313638235765,
      0.02612937554092334,
      0.009284125575818335,
      -0.011582198053688611,
      0.025299230659785173,
      0.2546378434356956
    ],
    [
      -0.08617187972048918,
      0.0715395047246848,
      0.26362650139504323,
      0.15043867845353082,
      0.12745087116897474,
      0.18829170833909573,
      0.190025636899695,
      0.10164877397609948,
      0.033571867360589085,
      0.004903242430019456,
      0.038945811625265496,
      0.09438116397367677,
      0.45742416934507046,
      0.15933204400380058,
      1.0,
      0.687845244030717,
      0.07742413366950421,
      0.04436509643711897,
      0.15848655396356862,
      0.04782348898575561,
      0.017646590213985257,
      0.2501134605676318,
      0.07562819033828232,
      0.08256098420440833,
      0.04753035266169078,
      0.25132434843149914,
      0.39576461202454305,
      -0.015052945473662304,
      0.03525328167791417,
      0.10004511923114581,
      0.055028844553925677,
      -0.015230633144896234,
      0.03911715698518702,
      0.03825864680679088,
      -0.14122940340717116,
      0.08285907994361807,
      0.023766682677886702,
      0.11499459095473831,
      0.13944227824812228,
      0.20670601295990326,
      0.023295350927530687,
      0.0009604210885529884,
      0.0930829758595194,
      0.48571763413229574,
      0.07052427134395799,
      0.07850167826907854,
      0.06295306647367853,
      0.010162130848601698,
      0.059020458785187975,
      0.3581668553576655
    ],
    [
      -0.11306812483273064,
      0.11924206491348231,
      0.37169909290883635,
      0.17827965173593716,
      0.14058538030278542,
      0.27225817922063306,
      0.300391064914899,
      0.12672316396592237,
      0.06460043787057775,
      0.02676447064201818,
      0.05116108998318415,
      0.13021975610717873,
      0.7188157739656499,
      0.2186368499012264,
      0.687845244030717,
      1.0,
      0.11764860675888734,
      0.07120969627665198,
      0.1806008370319152,
      0.08683578700270343,
      0.010674227167350522,
      0.34048575305137035,
      0.11670106605820611,
      0.11919794436465968,
      0.0851443655151721,
      0.2646116836365205,
      0.4835675473689539,
      -0.0064636391550956995,
      0.03646979446446767,
      0.12355980851473379,
      0.06612181300616726,
      -0.017699530005066154,
      0.07238350725515903,
      0.07203498074712726,
      -0.1974816397614795,
      0.1026294879534569,
      0.04956635157039122,
      0.15076957810024352,
      0.15526318705919437,
      0.30239944641475475,
      0.03367818262750624,
      0.03387613637761834,
      0.12397756926102561,
      0.6250466181790569,
      0.10068844467712479,
      0.11414544548166754,
      0.06398086938037328,
      0.020004124308782158,
      0.09396674530090078,
      0.39733721759802054
    ],
    [
      -0.3309692343782031,
      0.1390457924744929,
      0.05657137406676861,
      0.2768039997302806,
      0.3706088947772628,
      0.05164979271395065,
      0.2949012019508624,
      0.21705761581710123,
      0.543610673853369,
      0.47210314188003477,
      -0.11650641747224592,
      0.20295946889794872,
      0.1660372257448382,
      0.017302642724263545,
      0.07742413366950421,
      0.11764860675888734,
      1.0,
      0.3776039709687309,
      0.33267498548038776,
      0.19412916489062898,
      0.15831495810686347,
      0.08598519317348939,
      0.16580908916465764,
      0.15101916585173905,
      0.6028849404838128,
      0.08488773050304907,
      0.07461843645767792,
      0.2975132678504913,
      0.056170542358330945,
      0.3381154765172334,
      0.1452321515963898,
      0.005340186188862875,
      0.4278416554772124,
      0.4603038418637432,
      -0.6293710364933836,
      0.26152641385936365,
      0.37675594533164175,
      0.5665994256650577,
      0.32885333523282745,
      0.07481373258761637,
      0.34106792911669387,
      0.17586285949288102,
      0.06603353158399117,
      0.15052658287904577,
      0.15060909939895614,
      0.21280574161458765,
      0.14359409917187468,
      0.143021842619069,
      0.4418546468497462,
      0.06924321505002949
    ],
    [
      -0.23340854225355212,
      0.03927912859121829,
      0.022543361261411262,
      0.14905915296494165,
      0.4089193942259518,
      0.007118105327254769,
      0.1583914991539939,
      0.1409732582122823,
      0.5758794359914992,
      0.49941844744859976,
      0.28335270820850245,
      0.06879029926573556,
      0.06030277455314295,
      -0.029131683181526733,
      0.04436509643711897,
      0.07120969627665198,
      0.3776039709687309,
      1.0,
      0.13160791460699112,
      -0.12461516470918026,
      0.009782923534634586,
      0.07016381665359535,
      0.15176083454856837,
      0.19829194366422434,
      0.579018696623662,
      0.010241317313822957,
      0.0332120538439566,
      0.5092210760826176,
      0.02045369352960953,
      0.23855845985002214,
      0.10160094669879288,
      -0.00033919433358651195,
      0.8194286350491001,
      0.44358310044222843,
      -0.3727235775555577,
      0.3628763993356813,
      0.6474839406299986,
      0.6412685663458977,
      0.19295702855644467,
      0.020790364372116035,
      0.7036045285695597,
      0.5617897215697856,
      0.1948919937294256,
      0.08105653756060238,
      0.03616436354837148,
      0.15329811750283565,
      0.3937973155069577,
      0.1442672942017673,
      0.39109762762719913,
      0.01255760870818494
    ],
    [
      -0.30002276495460767,
      0.22745027810712123,
      0.12758809645483254,
      0.5450567470033642,
      0.508424715140457,
      0.11475642145351614,
      0.4695710677173246,
      0.3824815892309528,
      0.1393543719559009,
      0.07147160299465626,
      0.11200157881413506,
      0.12869019524195377,
      0.23423000541022465,
      0.10128055816792,
      0.15848655396356862,
      0.1806008370319152,
      0.33267498548038776,
      0.13160791460699112,
      1.0,
      0.15806321975553211,
      0.1709269422763371,
      0.07070491301442336,
      0.2481725580025162,
      0.22943301998427507,
      0.21371610324164303,
      0.21566080755550487,
      0.16496372556472447,
      0.07851801011834868,
      0.2989993301271631,
      0.3375166496958595,
      0.19805013091032617,
      0.02102961983222382,
      0.18036208227290138,
      0.1800527062707163,
      -0.4453780896739787,
      0.1748983652683675,
      0.18016797094266818,
      0.5180350937219803,
      0.8086192945988355,
      0.17968602847797036,
      0.1183642575945108,
      0.08415490989320469,
      0.30987539098488626,
      0.20340200175016013,
      0.1004916889525555,
      0.31969011274304754,
      0.3343706726842894,
      0.03984892424248741,
      0.22715052355667742,
      0.1733424356635406
    ],
    [
      -0.10836069596578135,
      1.0,
      -0.0023556462035649213,
      0.21941754582617035,
      0.17762107489280643,
      -0.007304347263959088,
      0.1942354538839606,
      0.16446936096269513,
      0.031644226900716985,
      0.010401523992734984,
      0.06709397441651528,
      0.13005815537468418,
      0.2904651123214924,
      -0.006150344269210073,
      0.0715395047246848,
      0.11924206491348231,
      0.1390457924744929,
      0.03927912859121829,
      0.22745027810712123,
      0.05375544660798525,
      0.04842690235453494,
      0.051933855110120004,
      0.08201029494727616,
      0.109000045251171,
      0.05899277445936915,
      0.15554495839508314,
      0.18071781749031776,
      0.014371923410977318,
      0.06436602259891737,
      0.09995491508955331,
      0.06727283790617293,
      0.001945522187136069,
      0.07268888668661509,
      0.049103740300668,
      -0.1842363780412489,
      0.03963996404636083,
      0.051206637884865604,
      0.18326255702501992,
      0.2325445677998889,
      0.1129810969489574,
      0.031244018812534722,
      0.012069329441361968,
      0.13021787639385463,
      0.124641670344055,
      0.10476982306000669,
      0.1273066788880512,
      0.1282259936940567,
      0.00907329912540201,
      0.07881598865477756,
      0.18632850384348024
    ],
    [
      -0.2644253446223548,
      0.05375544660798525,
      0.04261252446446587,
      0.2849354078444257,
      0.11650106104570397,
      0.0717255389889917,
      0.2004728881526174,
      0.16439986950198832,
      0.23411345433321107,
      0.16749565883755077,
      -0.029008394567690506,
      0.10946459045172334,
      0.08746492914082989,
      0.03879517675179182,
      0.04782348898575561,
      0.08683578700270343,
      0.19412916489062898,
      -0.12461516470918026,
      0.15806321975553211,
      1.0,
      0.09036209339471683,
      0.06402383391227176,
      0.26955682083113436,
      0.14108844135102153,
      0.27190791433169936,
      0.021905675892794796,
      0.029746757014421466,
      -0.06871144827158711,
      0.01324990369209273,
      0.25433635252840997,
      0.11775365680829039,
      0.02773929341983728,
      -0.11238430705914774,
      0.22203191915860593,
      -0.2693227154069292,
      -0.03672793602018489,
      -0.07856217881519428,
      0.10337929921631461,
      0.17935670637396706,
      0.06867033353693427,
      -0.13719371694509233,
      -0.08331672127660496,
      0.15736990890256877,
      0.07940349572810447,
      0.09439038146806976,
      0.10797164039369367,
      -0.050549524220464694,
      0.054572696840279405,
      0.19882502528004745,
      0.036070855957773505
    ],
    [
      -0.22117838461353126,
      0.04842690235453494,
      0.002293048457176775,
      0.14643683035457564,
      0.1310842495461899,
      0.0002020092955552907,
      -0.002270213388798089,
      0.13379386677965036,
      -0.007289952800504605,
      -0.042361686627940744,
      -0.2383285349933917,
      0.008954132502038359,
      0.022988181505809616,
      -0.0036999309073183564,
      0.017646590213985257,
      0.010674227167350522,
      0.15831495810686347,
      0.009782923534634586,
      0.1709269422763371,
      0.09036209339471683,
      1.0,
      0.0024119147737834867,
      0.2572341562968367,
      0.06729188804195492,
      0.04345079649232072,
      0.025445367869206325,
      0.03184928614046747,
      0.016014127147487428,
      0.023323591971187153,
      0.08522436658947169,
      0.1005231627022304,
      0.01432848655493095,
      0.008654198524922364,
      0.12516214386705427,
      -0.28622458452064015,
      -0.015320196287399904,
      0.03912642344806992,
      0.14905872466321946,
      0.18073869359987052,
      -0.004835079005444202,
      0.022032827808825553,
      0.01039980888775645,
      -0.21994653422131694,
      -0.006623904854998661,
      0.008000175280625174,
      0.0711748586581743,
      -0.10778660373448043,
      -0.006143796580438771,
      0.09834053585291913,
      0.035829330874357634
    ],
    [
      -0.07806981394638847,
      0.051933855110120004,
      -0.006466522924250677,
      0.11196779709042363,
      0.08147127609300732,
      -0.00424984391769761,
      0.1847824768587899,
      0.13593196367985214,
      0.060528375076090324,
      0.035967012857311076,
      0.02562933141626023,
      0.1415021302317984,
      0.28792368720249367,
      -0.016579094870009234,
      0.2501134605676318,
      0.34048575305137035,
      0.08598519317348939,
      0.07016381665359535,
      0.07070491301442336,
      0.06402383391227176,
      0.0024119147737834867,
      1.0,
      0.0924033247777196,
      0.08236721036931752,
      0.0815082110544018,
      0.14260203455028098,
      0.18793487127882647,
      0.016454519790659382,
      -0.04887067400096396,
      0.0960951134219498,
      0.06972604125803154,
      -0.0033326658059996063,
      0.06123126138862126,
      0.07695354776117432,
      -0.1355848133719493,
      0.00027300986228415283,
      0.04881288033898205,
      0.10500044636724301,
      0.07841843576362639,
      -0.018633078129020198,
      0.04542778107242102,
      0.029980308442494132,
      0.11951956376887807,
      0.4991857534669303,
      0.11021355760134043,
      0.051455261939450186,
      0.06317822527422157,
      0.011437752442126279,
      0.06515518253488019,
      0.06982778851431026
    ],
    [
      -0.381883126614103,
      0.08201029494727616,
      0.07809837794728099,
      0.31436953423347863,
      0.23357758118539518,
      0.07415962941510235,
      0.2511928487088625,
      0.2394718086615369,
      0.1809653263958889,
      0.10924619738593254,
      0.023936725469217594,
      0.129594038093728,
      0.13722423041792595,
      0.06265316707754898,
      0.07562819033828232,
      0.11670106605820611,
      0.16580908916465764,
      0.15176083454856837,
      0.2481725580025162,
      0.26955682083113436,
      0.2572341562968367,
      0.0924033247777196,
      1.0,
      0.23927986907318916,
      0.23984152665987962,
      0.02556655091276391,
      0.07862640822654675,
      0.06748903180518691,
      0.04696887673748384,
      0.338232539067012,
      0.16080203878456517,
      0.020251501565651864,
      0.1832888672080087,
      0.26934390450666507,
      -0.32436458115879163,
      0.0659082379805872,
      0.13770041065347294,
      0.3511659252967437,
      0.2827122053497657,
      0.08591826973916042,
      0.0836614058533709,
      0.10611202717378605,
      0.15162773297189475,
      0.11163385437278411,
      0.09341655558086906,
      0.16148566730554947,
      0.16418232796292784,
      0.03062552029921849,
      0.25124448618838574,
      0.05932982832780684
    ],
    [
      -0.2600505765924901,
      0.109000045251171,
      0.08447260438379585,
      0.2937748172972124,
      0.2540807143843262,
      0.09584943502827403,
      0.24458800337365902,
      0.221686246721687,
      0.1745647453423361,
      0.09450026858354492,
      0.09209003720095707,
      0.1092361521087471,
      0.13865414989139496,
      0.06402826289518494,
      0.08256098420440833,
      0.11919794436465968,
      0.15101916585173905,
      0.19829194366422434,
      0.22943301998427507,
      0.14108844135102153,
      0.06729188804195492,
      0.08236721036931752,
      0.23927986907318916,
      1.0,
      0.20634373552700866,
      0.0800530132710565,
      0.08908698043784058,
      0.09544750964493975,
      0.04697893973511971,
      0.2876813160931686,
      0.17536814328650235,
      0.2564954262654217,
      0.21019287434434814,
      0.1786459317791667,
      -0.2709861425697836,
      0.09975339877211052,
      0.0014385170557016502,
      0.3269111233207243,
      0.21460457721361764,
      0.1085249839431387,
      0.1149538245523787,
      0.22577543209678835,
      0.17314386700232048,
      0.10743138361517274,
      0.08683956631201266,
      0.15663464852233894,
      0.2814792805132573,
      0.0361470800934298,
      0.17717663586314059,
      0.07928092751315462
    ],
    [
      -0.4175602233266696,
      0.05899277445936915,
      0.04243732824863357,
      0.26996056224516485,
      0.34356062553890543,
      0.05695231769790595,
      0.25177015295616506,
      0.20893278287819883,
      0.7839277900400763,
      0.7030601194300913,
      0.11140630788180114,
      0.06715702272401863,
      0.09451978494065481,
      -0.012137993559712776,
      0.04753035266169078,
      0.0851443655151721,
      0.6028849404838128,
      0.579018696623662,
      0.21371610324164303,
      0.27190791433169936,
      0.04345079649232072,
      0.0815082110544018,
      0.23984152665987962,
      0.20634373552700866,
      1.0,
      0.020668776443884658,
      0.04062086852439915,
      0.3849832105660389,
      0.018016440668833067,
      0.4880244280609348,
      0.14517362704267542,
      0.01867589907917823,
      0.5808589320662753,
      0.6840006991897851,
      -0.5621187765888092,
      0.29135985325550096,
      0.4841977626769725,
      0.6205709806717729,
      0.2502755760711635,
      0.06035726759002646,
      0.4240442591190866,
      0.2771993077713562,
      0.2707285985536446,
      0.10384790713730294,
      0.012717702585997727,
      0.20308518476073764,
      0.2416397406701749,
      0.19842984559281404,
      0.5600062190125616,
      0.021872462418331833
    ],
    [
      -0.05080881706771427,
      0.15554495839508314,
      0.2224101201563973,
      0.17893725026816343,
      0.16449856282957157,
      0.3261256808091355,
      0.17381196627531237,
      0.1002001017782148,
      0.011848160468981971,
      -0.009897130569847097,
      0.03779396454504701,
      0.0914181659149513,
      0.23311250395997674,
      0.28555731981443117,
      0.25132434843149914,
      0.2646116836365205,
      0.08488773050304907,
      0.010241317313822957,
      0.21566080755550487,
      0.021905675892794796,
      0.025445367869206325,
      0.14260203455028098,
      0.02556655091276391,
      0.0800530132710565,
      0.020668776443884658,
      1.0,
      0.2534493825528615,
      -0.006570018741658726,
      0.09297482362434865,
      0.055538247769933775,
      0.0522813123613888,
      -0.017751626621703397,
      0.014954248684387139,
      0.021954225595275878,
      -0.1389064061040201,
      0.1773253301204731,
      0.013561333429422881,
      0.11222220554888791,
      0.22523767314780563,
      0.37180127362320053,
      0.021734226515776292,
      -0.021292528465925387,
      0.05336821951957565,
      0.397055429832713,
      0.08033470835563734,
      0.10918129760137463,
      0.08728503752550697,
      0.0005752310284274563,
      0.04585751986846638,
      0.29654965025112034
    ],
    [
      -0.07836462513689335,
      0.18071781749031776,
      0.4190608771540902,
      0.14731181732507806,
      0.1172707127508166,
      0.27420236801131204,
      0.23502109530743487,
      0.10750091863306309,
      0.017240858169387967,
      -0.004841314264158109,
      0.028829829273890686,
      0.07622987128128017,
      0.49940823961021324,
      0.23225346540903313,
      0.39576461202454305,
      0.4835675473689539,
      0.07461843645767792,
      0.0332120538439566,
      0.16496372556472447,
      0.029746757014421466,
      0.03184928614046747,
      0.18793487127882647,
      0.07862640822654675,
      0.08908698043784058,
      0.04062086852439915,
      0.2534493825528615,
      1.0,
      -0.023221598955861768,
      0.041734077439562256,
      0.08840845536228598,
      0.049879461407931966,
      0.0028388107217912116,
      0.045878997973264606,
      0.03502212866640887,
      -0.15108861418484487,
      0.10443833259240674,
      0.026737682729765566,
      0.12215050044236336,
      0.13842646805398795,
      0.3107271505783531,
      0.014409985738426,
      0.010275583643477814,
      0.09509265131683224,
      0.3922910440346637,
      0.05918276483129571,
      0.08533326537582271,
      0.09272527216414941,
      -0.002805309727745048,
      0.055533755547451574,
      0.5545426499128688
    ],
    [
      -0.1670765675050561,
      0.014371923410977318,
      -0.030041427260043576,
      0.027487181405344053,
      0.3881300018212421,
      -0.03742706631093181,
      0.056544201602503445,
      0.07156945505722756,
      0.4060507937478328,
      0.35189515466494203,
      0.21139816540098022,
      0.02584442476657764,
      -0.0027529768705590596,
      -0.05705505893787663,
      -0.015052945473662304,
      -0.0064636391550956995,
      0.2975132678504913,
      0.5092210760826176,
      0.07851801011834868,
      -0.06871144827158711,
      0.016014127147487428,
      0.016454519790659382,
      0.06748903180518691,
      0.09544750964493975,
      0.3849832105660389,
      -0.006570018741658726,
      -0.023221598955861768,
      1.0,
      -0.016957697764793306,
      0.1637180251811751,
      0.14225417551213737,
      -0.04061274087538229,
      0.5113706376289247,
      0.3209625180298144,
      -0.22500819249663792,
      0.28368823140910243,
      0.4707525533542813,
      0.40003675406538997,
      0.12755423207279576,
      -0.032252442047277244,
      0.6965116047608279,
      0.3861340345977762,
      0.10780233590852582,
      0.003920046088688182,
      0.007359138861628987,
      0.06567063137836691,
      0.2321417776213048,
      0.1008234113114363,
      0.2800658403302111,
      -0.02917632914391483
    ],
    [
      -0.039672670598790594,
      0.06436602259891737,
      0.052809199480393025,
      0.16779731595722336,
      0.14641164525118022,
      0.055264489986617225,
      0.18988526878356535,
      0.11271512260216464,
      -0.000341182440019949,
      -0.011273932654791114,
      0.01843077216849075,
      0.003883052303105364,
      0.049392028279583555,
      0.0519820324894896,
      0.03525328167791417,
      0.03646979446446767,
      0.056170542358330945,
      0.02045369352960953,
      0.2989993301271631,
      0.01324990369209273,
      0.023323591971187153,
      -0.04887067400096396,
      0.04696887673748384,
      0.04697893973511971,
      0.018016440668833067,
      0.09297482362434865,
      0.041734077439562256,
      -0.016957697764793306,
      1.0,
      0.049990452739479954,
      0.034374635196542935,
      0.007798444623393463,
      0.02117510295614271,
      0.019771079060152286,
      -0.08735998434613111,
      0.24858178148776242,
      0.016954562107619104,
      0.11471638866918567,
      0.33251940457667895,
      0.0664847580193684,
      -0.0005854954514361697,
      0.020837876084626554,
      0.1876826206041572,
      0.0498714386123693,
      -0.004868258548431856,
      0.10614618656871502,
      0.07633448771568009,
      -0.014327780459469766,
      0.046287179250137436,
      0.0662262319022374
    ],
    [
      -0.06971314031540911,
      -0.0023556462035649213,
      1.0,
      0.10918959106762967,
      0.09373274642592329,
      0.6125219481515256,
      0.2936461043282809,
      0.07985785101333587,
      0.015429354236770778,
      -0.009800526077408472,
      0.023998761503992456,
      0.0521471526920208,
      0.29723784315338303,
      0.5181261825723071,
      0.26362650139504323,
      0.37169909290883635,
      0.05657137406676861,
      0.022543361261411262,
      0.12758809645483254,
      0.04261252446446587,
      0.002293048457176775,
      -0.006466522924250677,
      0.07809837794728099,
      0.08447260438379585,
      0.04243732824863357,
      0.2224101201563973,
      0.4190608771540902,
      -0.030041427260043576,
      0.052809199480393025,
      0.08641479263493212,
      0.020906064611338444,
      0.011335418534559875,
      0.032360582630729454,
      0.044250525236245744,
      -0.1303279288082124,
      0.11718631009094004,
      0.03437472185567462,
      0.08105218605588584,
      0.0709078321921149,
      0.542691094702201,
      0.015354324157043632,
      0.004803805408315953,
      0.08652055940275945,
      0.30283235989427454,
      0.03786985952231464,
      0.05274456279537958,
      0.05183898293063322,
      -0.005332319055695529,
      0.05012227158438154,
      0.43061514415150104
    ],
    [
      -0.5496046416504845,
      0.09995491508955331,
      0.08641479263493212,
      0.4547585999472786,
      0.40842230805242735,
      0.09198756329594779,
      0.34808238422689436,
      0.3043569619214907,
      0.2790210239935181,
      0.13805831217832004,
      0.14457274401830028,
      0.0803810370836535,
      0.14506698895736214,
      0.05428443660379158,
      0.10004511923114581,
      0.12355980851473379,
      0.3381154765172334,
      0.23855845985002214,
      0.3375166496958595,
      0.25433635252840997,
      0.08522436658947169,
      0.0960951134219498,
      0.338232539067012,
      0.2876813160931686,
      0.4880244280609348,
      0.055538247769933775,
      0.08840845536228598,
      0.1637180251811751,
      0.049990452739479954,
      1.0,
      0.21840844176896385,
      0.00752966087793416,
      0.2980887045241169,
      0.34868343128678675,
      -0.41386341382939507,
      0.15459845949581966,
      0.25649545333226353,
      0.5276812051765393,
      0.36539210248835813,
      0.09894531075741955,
      0.2041602764246658,
      0.1410722705678903,
      0.3603903205093607,
      0.1312221792375555,
      0.041004962956827935,
      0.21623734006254036,
      0.32499007086455783,
      0.08774794986053393,
      0.2994748169371483,
      0.05695199875732638
    ],
    [
      -0.2257521745644473,
      0.06727283790617293,
      0.020906064611338444,
      0.20279732618292995,
      0.2250353199756331,
      0.07201155354119766,
      0.13503875125692696,
      0.1257010573234408,
      0.11350361626302334,
      0.06451672783406584,
      0.04941643409523007,
      0.06795437648036162,
      0.0863973923203471,
      0.04357473594853767,
      0.055028844553925677,
      0.06612181300616726,
      0.1452321515963898,
      0.10160094669879288,
      0.19805013091032617,
      0.11775365680829039,
      0.1005231627022304,
      0.06972604125803154,
      0.16080203878456517,
      0.17536814328650235,
      0.14517362704267542,
      0.0522813123613888,
      0.049879461407931966,
      0.14225417551213737,
      0.034374635196542935,
      0.21840844176896385,
      1.0,
      0.031359350130748746,
      0.11135778590813851,
      0.13581593192736702,
      -0.18831769584198235,
      0.10152128967482389,
      0.08731973118363372,
      0.24239279374974682,
      0.2914608731366435,
      0.06658539861246811,
      0.08823289700972295,
      0.07955834820632074,
      0.06894997858965812,
      0.07328849550778295,
      0.05161597565432197,
      0.11059949627193515,
      0.14917244726458356,
      0.037412192893464764,
      0.12632258852909595,
      0.029526440884678304
    ],
    [
      -0.01696253969012644,
      0.001945522187136069,
      0.011335418534559875,
      0.014959748864995145,
      -0.016821098966040345,
      -0.00206944660764781,
      0.01715847451511408,
      0.006871428218399323,
      0.010273747166367735,
      0.00663539284614565,
      -0.032902988917336,
      -0.00010825866311038814,
      0.005996140555408007,
      -0.006698732304604386,
      -0.015230633144896234,
      -0.017699530005066154,
      0.005340186188862875,
      -0.00033919433358651195,
      0.02102961983222382,
      0.02773929341983728,
      0.01432848655493095,
      -0.0033326658059996063,
      0.020251501565651864,
      0.2564954262654217,
      0.01867589907917823,
      -0.017751626621703397,
      0.0028388107217912116,
      -0.04061274087538229,
      0.007798444623393463,
      0.00752966087793416,
      0.031359350130748746,
      1.0,
      0.025309770888854406,
      0.004317097838621751,
      -0.02768396795022491,
      -0.04064196645938755,
      -0.05619119741711162,
      0.030889064076476395,
      -0.017043405102064372,
      -0.031272264467824065,
      -0.06553862894570746,
      0.07589827581273863,
      0.012805920297911546,
      -0.028581461010680046,
      -0.008118342434692205,
      0.019475199208841512,
      0.043265824983107264,
      -0.011915979332899316,
      -0.0027776082703531843,
      -0.02932569846860945
    ],
    [
      -0.2832138850038418,
      0.07268888668661509,
      0.032360582630729454,
      0.19617578106391875,
      0.4353491370469711,
      0.009594521790228665,
      0.21343121497228001,
      0.1695180311657411,
      0.5390938781645549,
      0.469517687304088,
      0.28621681009120514,
      0.08131315127381679,
      0.09219942151443127,
      -0.030530648206649972,
      0.03911715698518702,
      0.07238350725515903,
      0.4278416554772124,
      0.8194286350491001,
      0.18036208227290138,
      -0.11238430705914774,
      0.008654198524922364,
      0.06123126138862126,
      0.1832888672080087,
      0.21019287434434814,
      0.5808589320662753,
      0.014954248684387139,
      0.045878997973264606,
      0.5113706376289247,
      0.02117510295614271,
      0.2980887045241169,
      0.11135778590813851,
      0.025309770888854406,
      1.0,
      0.4451950285292691,
      -0.4390973678153591,
      0.361385731358869,
      0.6735111896263446,
      0.7904843553265294,
      0.23050612802180598,
      0.02708981489009728,
      0.6804463031005722,
      0.6546261928988981,
      0.2302517809875672,
      0.09211218416160673,
      0.046211416912847664,
      0.1846744521076084,
      0.5097596044175383,
      0.163931596093214,
      0.38744080088009886,
      0.017966313682007393
    ],
    [
      -0.3715399642558043,
      0.049103740300668,
      0.044250525236245744,
      0.20811497429484618,
      0.29130059755115556,
      0.05258025195839684,
      0.20856463844087644,
      0.18999284052146082,
      0.6387199133746834,
      0.5610358630342747,
      0.0164875552172461,
      0.048841188438077214,
      0.08731932228138872,
      0.0033529463634447885,
      0.03825864680679088,
      0.07203498074712726,
      0.4603038418637432,
      0.44358310044222843,
      0.1800527062707163,
      0.22203191915860593,
      0.12516214386705427,
      0.07695354776117432,
      0.26934390450666507,
      0.1786459317791667,
      0.6840006991897851,
      0.021954225595275878,
      0.03502212866640887,
      0.3209625180298144,
      0.019771079060152286,
      0.34868343128678675,
      0.13581593192736702,
      0.004317097838621751,
      0.4451950285292691,
      1.0,
      -0.4431115823426223,
      0.2524077521772024,
      0.4066264401902187,
      0.48813898758892177,
      0.21771927546142794,
      0.052804299662961185,
      0.3740821625776067,
      0.21985416036803368,
      0.1684290916047122,
      0.09532455997731652,
      0.02636050064468496,
      0.15925835533908622,
      0.17288760721530774,
      0.1550333683789978,
      0.44005305680938644,
      0.02255166363199622
    ],
    [
      0.43249730913297046,
      -0.1842363780412489,
      -0.1303279288082124,
      -0.44196664660034485,
      -0.46166401380665795,
      -0.15585890162584862,
      -0.4619575425455435,
      -0.33333332721726167,
      -0.4577371140230065,
      -0.3653125049141297,
      0.01688872453831593,
      -0.1927698993943417,
      -0.2402335762947081,
      -0.09952627268587927,
      -0.14122940340717116,
      -0.1974816397614795,
      -0.6293710364933836,
      -0.3727235775555577,
      -0.4453780896739787,
      -0.2693227154069292,
      -0.28622458452064015,
      -0.1355848133719493,
      -0.32436458115879163,
      -0.2709861425697836,
      -0.5621187765888092,
      -0.1389064061040201,
      -0.15108861418484487,
      -0.22500819249663792,
      -0.08735998434613111,
      -0.41386341382939507,
      -0.18831769584198235,
      -0.02768396795022491,
      -0.4390973678153591,
      -0.4431115823426223,
      1.0,
      -0.227471753778297,
      -0.35864351916614723,
      -0.6602315809614545,
      -0.44919541451047973,
      -0.20480402131732162,
      -0.3017793101928343,
      -0.1959903055500031,
      -0.1306545878776871,
      -0.2435172098178474,
      -0.14945675199739925,
      -0.33161281133879267,
      -0.20842150314958033,
      -0.12724949074351527,
      -0.4474089339826042,
      -0.14837685429395905
    ],
