{
  "factors": [
    "Alpha1",
    "Alpha2",
    "Alpha3",
    "Alpha4",
    "Alpha5",
    "Alpha6",
    "Alpha7",
    "Alpha8",
    "Alpha9",
    "Alpha10",
    "Alpha11",
    "Alpha12",
    "Alpha13",
    "Alpha14",
    "Alpha15",
    "Alpha16",
    "Alpha17",
    "Alpha18",
    "Alpha19",
    "Alpha20",
    "Alpha21",
    "Alpha22",
    "Alpha23",
    "Alpha24",
    "Alpha25",
    "Alpha26",
    "Alpha27",
    "Alpha28",
    "Alpha29",
    "Alpha30",
    "Alpha31",
    "Alpha32",
    "Alpha33",
    "Alpha34",
    "Alpha35",
    "Alpha36",
    "Alpha37",
    "Alpha38",
    "Alpha39",
    "Alpha40",
    "Alpha41",
    "Alpha42",
    "Alpha43",
    "Alpha44",
    "Alpha45",
    "Alpha46",
    "Alpha47",
    "Alpha48",
    "Alpha49",
    "Alpha50",
    "Alpha51",
    "Alpha52",
    "Alpha53",
    "Alpha54",
    "Alpha55",
    "Alpha56",
    "Alpha57",
    "Alpha58",
    "Alpha59",
    "Alpha60",
    "Alpha61",
    "Alpha62",
    "Alpha63",
    "Alpha64",
    "Alpha65",
    "Alpha66",
    "Alpha67",
    "Alpha68",
    "Alpha69",
    "Alpha70",
    "Alpha71",
    "Alpha72",
    "Alpha73",
    "Alpha74",
    "Alpha75",
    "Alpha76",
    "Alpha77",
    "Alpha78",
    "Alpha79",
    "Alpha80",
    "Alpha81",
    "Alpha82",
    "Alpha83",
    "Alpha84",
    "Alpha85",
    "Alpha86",
    "Alpha87",
    "Alpha88",
    "Alpha89",
    "Alpha90",
    "Alpha91",
    "Alpha92",
    "Alpha93",
    "Alpha94",
    "Alpha95",
    "Alpha96",
    "Alpha97",
    "Alpha98",
    "Alpha99",
    "Alpha100"
  ],
  "correlation_matrix": [
    [
      1.0,
      -0.11164081963600113,
      -0.068755300899586,
      -0.40064965344903614,
      -0.37714434743278274,
      -0.08205352946608967,
      -0.2637744746098081,
      -0.2785244880263388,
      -0.22999848187103852,
      -0.1866803098943221,
      -0.10558188537825186,
      -0.09424906843131364,
      -0.13630843957347577,
      -0.056005247295822395,
      -0.08381650041796912,
      -0.11405512764864406,
      -0.32538517772608616,
      -0.24234147576644233,
      -0.23433231388726822,
      -0.2603723796951875,
      -0.21044540188732744,
      -0.07901393967213483,
      -0.17931438873975944,
      -0.1866167603600013,
      -0.3995268197098593,
      -0.0607007221627496,
      -0.08101028270937931,
      -0.09616524544681877,
      -0.03590551521217931,
      -0.5349554700193901,
      -0.22464957672941255,
      -0.02254513052678008,
      -0.29905747122039683,
      -0.37107001453910704,
      0.2971959379193247,
      -0.15234888925209425,
      -0.25689715595271334,
      -0.5256879131823509,
      -0.3316400669084223,
      -0.09474517598719534,
      -0.1463891742002606,
      -0.14222479065384352,
      -0.20365057122360058,
      -0.10411042049897969,
      -0.06868462858185541,
      -0.17365287386859177,
      -0.22739610101313198,
      -0.04771331828964994,
      -0.19183892407999145,
      -0.0636817463626086,
      -0.181647006293901,
      -0.12031794468095398,
      -0.006242162669048047,
      -0.12233651059689048,
      -0.09897953089138621,
      -0.3901069961758316,
      -0.15278765156034363,
      -0.12156830175855025,
      -0.11144484582942042,
      -0.0195471680606914,
      -0.18512470078920698,
      -0.09306665320688498,
      -0.3290228728055051,
      -0.3561373466934616,
      -0.11847453968050012,
      -0.14420767602742635,
      -0.3266520390334928,
      0.0,
      -0.12170773796574867,
      -0.11690836382717311,
      0.015571960926353176,
      -0.03440201507706653,
      -0.0002073302157789714,
      -0.04672821503574641,
      -0.09189513837436546,
      -0.015571960926353162,
      -0.015571960926351776,
      -0.08210318230033448,
      -0.33135700751388547,
      -0.23997418598390025,
      -0.0707647315867113,
      0.015571960926351776,
      -0.14708980635193836,
      0.0,
      -0.057891175595551785,
      0.0,
      -0.015571960926353165,
      -0.015571960926351776,
      -0.31118873551472076,
      -0.6291488747438612,
      -0.044900143838838835,
      0.0,
      -0.14383296882687044,
      -0.29965686304197414,
      -0.010113628555138374,
      -0.01557196092635319,
      -0.0032627037429944303,
      -0.01644154017362807,
      -0.09269004484085881,
      -0.005248190481841187
    ],
    [
      -0.11164081963600113,
      1.0,
      0.0053354328765540604,
      0.21926978173116649,
      0.18514424850164837,
      0.005002857906311208,
      0.1897777385294509,
      0.1754690310708531,
      0.04210909929247203,
      0.013128522472715348,
      0.07579007586181803,
      0.11308144584677832,
      0.2949265723254677,
      0.003873640017892089,
      0.081549318399634,
      0.12426196134679698,
      0.13754664441396175,
      0.044905149939699664,
      0.21201259284951524,
      0.050014335221875206,
      0.04263681308224408,
      0.05785275475609166,
      0.04459432129734649,
      0.07943081587820468,
      0.06637581897620934,
      0.16292225975393992,
      0.18847612070974856,
      0.006814058730880749,
      0.05816325588966261,
      0.10954999556500743,
      0.07860846774888948,
      0.003888243127684454,
      0.07643629292873612,
      0.051958360204828406,
      -0.13628083357573445,
      0.04014043444892381,
      0.05220988796991806,
      0.1854210330530461,
      0.23697823836476192,
      0.12055450655120165,
      0.035676733947355134,
      0.006580300441934978,
      0.13368723804683302,
      0.12858346309876045,
      0.10687475552538143,
      0.12120970457584111,
      0.12772469684592347,
      0.006922724220667574,
      0.06722018785093216,
      0.19910462239313856,
      0.06240932446248991,
      0.1443090794337153,
      0.0032588639749318964,
      0.012325970732698846,
      0.4003894744728596,
      0.08650038581459846,
      0.05340145070175407,
      0.14135196301075856,
      0.19996590821271687,
      0.00014908426180711734,
      0.08633202798086957,
      0.02035506342009128,
      0.18836219932594775,
      0.14784600070848805,
      0.09690773377853348,
      0.062056572328991484,
      -0.00366422510507783,
      0.0,
      0.0940293096163494,
      -0.009160116515637787,
      0.029538612589166305,
      0.08328422600957963,
      0.008596916968118113,
      0.11329345545985657,
      0.08860477177099674,
      -0.029538612589166385,
      -0.029538612589157145,
      0.09675871979882736,
      0.044437969313525685,
      0.1265104398584329,
      0.11559961602842761,
      0.029538612589157145,
      0.019253932417526903,
      -0.0,
      0.06498343976295229,
      0.0,
      -0.029538612589166357,
      -0.029538612589157145,
      0.20914132058378862,
      0.14351086378122827,
      0.10977556596985677,
      0.0,
      0.1515189550962221,
      0.17746765906434162,
      0.004218654947253147,
      -0.02953861258916633,
      -0.034440910879139634,
      0.0022072591341264973,
      0.0914548261959046,
      -0.0037514404916181923
    ],
    [
      -0.068755300899586,
      0.0053354328765540604,
      1.0,
      0.10600947689296127,
      0.09409279589462245,
      0.5832730970375857,
      0.28112502097422065,
      0.07822173153451174,
      0.017381105026568373,
      -0.010451923254213737,
      0.028997164843867242,
      0.03632975123254174,
      0.29727980749877064,
      0.48947811857488793,
      0.2593619505258517,
      0.3686491525544175,
      0.054442947483081705,
      0.023304066621093394,
      0.1196226829919882,
      0.04436508063897154,
      0.00031662187485965136,
      0.0031352989027513445,
      0.07456327089178176,
      0.06822594468807097,
      0.04753727161637356,
      0.21969496439281022,
      0.41927666388960505,
      -0.015477340832309653,
      0.053500868255518315,
      0.09417104016456755,
      0.017448493670355027,
      0.018764042708259213,
      0.03442281220789898,
      0.046817333111236745,
      -0.1011004985208899,
      0.11689192568544174,
      0.035513275732775795,
      0.08311694105390077,
      0.07190670770597168,
      0.5229034853810243,
      0.021958653599049652,
      0.002730463698324074,
      0.09494966889189665,
      0.3103993362743054,
      0.037018408049878736,
      0.05589058715714742,
      0.055286534243777316,
      -0.002931988187107116,
      0.050879459036633316,
      0.42955451779839027,
      0.05474040504289513,
      0.09762788349042421,
      -0.004369048410026891,
      0.02897266274453565,
      0.19869109726363926,
      0.05425153752372437,
      0.04619190428468797,
      0.0995716346613163,
      0.20059580469921262,
      0.015755703880565006,
      0.024083447437311178,
      0.04855836544705258,
      0.09501313245687777,
      0.08859782910948745,
      0.06506784755145993,
      0.04417597307483964,
      -0.04838186728457434,
      0.0,
      0.03548400372172668,
      -0.0030683294048876385,
      0.021004259314565166,
      0.04325188289754324,
      0.015142053627461209,
      0.489458366950035,
      0.07463718820048043,
      -0.021004259314565128,
      -0.021004259314566818,
      0.24703290274929635,
      0.027118440491416335,
      0.030040415051107182,
      0.24722385840109484,
      0.021004259314566818,
      0.025192281952466124,
      0.0,
      0.032426140513394736,
      0.0,
      -0.021004259314565253,
      -0.021004259314566818,
      0.08944954373482218,
      0.07917019768859146,
      0.26475162711985084,
      0.0,
      0.09117178601036005,
      0.04799177276812078,
      -0.0033248569095013277,
      -0.021004259314565156,
      -0.007799586225777281,
      0.02558215607995716,
      0.18821965208183944,
      -0.016391546478832113
    ],
    [
      -0.40064965344903614,
      0.21926978173116649,
      0.10600947689296127,
      1.0,
      0.5065840368043937,
      0.15785156606282352,
      0.4231229372450852,
      0.45493043763072644,
      0.13738658901607387,
      0.06699294166937665,
      0.19058130733585335,
      0.14165761548679132,
      0.24534087874192415,
      0.12491407400529485,
      0.14657889656783038,
      0.17788758441919572,
      0.2734298458136213,
      0.16789915808570788,
      0.40103197126894274,
      0.2887607128568225,
      0.14242433024251847,
      0.10773520129772407,
      0.15343736307051645,
      0.21400747208984125,
      0.26722589358600407,
      0.18132937133683083,
      0.14982286090457084,
      0.057363551032300265,
      0.14892228191955273,
      0.4527571076506823,
      0.23282000305946796,
      0.015209337402767103,
      0.21612703063662214,
      0.21196787395514155,
      -0.2898341669132713,
      0.12834173636924182,
      0.169396599530211,
      0.5145119900253724,
      0.5798715818110373,
      0.2110460879605858,
      0.04478530953282318,
      0.06879307121132582,
      0.3150852012060779,
      0.1883037009091523,
      0.11899259689862322,
      0.2654495959830802,
      0.3643556430769279,
      0.03189678343292648,
      0.16307275518683972,
      0.14969365265072213,
      0.14906599133303122,
      0.30333734605071017,
      -0.005696095902777545,
      0.006707469128540392,
      0.18795089389336236,
      0.3001569454940548,
      0.06806354285009057,
      0.17462975593533184,
      0.21917948671700793,
      -0.07212425670808832,
      0.288162320494667,
      0.07233490075347193,
      0.5277878735435296,
      0.4623108412043403,
      0.251308630472157,
      0.16671046160362388,
      0.1771116484721801,
      0.0,
      0.2750197098668216,
      0.09424727058062969,
      -0.06153312766979529,
      0.07543723007882087,
      -0.016391781982836265,
      0.07877215050225916,
      0.12317087394301483,
      0.06153312766979528,
      0.06153312766979864,
      0.10172879384258486,
      0.2670915422896941,
      0.35191045183305264,
      0.09945513649102249,
      -0.06153312766979864,
      0.02488716367631519,
      -0.0,
      0.046677374664682456,
      0.0,
      0.06153312766979555,
      0.06153312766979864,
      0.4821480469507985,
      0.4620458756248459,
      0.11501314022829533,
      0.0,
      0.3235354174701005,
      0.5071961278057203,
      -0.002925866817794656,
      0.06153312766979542,
      0.00888922504726236,
      -0.027413972490001208,
      0.14979138213448587,
      -0.06368034320881864
    ],
    [
      -0.37714434743278274,
      0.18514424850164837,
      0.09409279589462245,
      0.5065840368043937,
      1.0,
      0.11956492984706031,
      0.359564135776068,
      0.4054628646576737,
      0.23565183964385197,
      0.1865024890036477,
      0.3405511605490579,
      0.10480029406202732,
      0.18945609430242033,
      0.10130131454651689,
      0.12886215367166431,
      0.14137285974726654,
      0.3662521536016252,
      0.42214882922509955,
      0.3932597807888062,
      0.12534928843223406,
      0.13567967171865059,
      0.08505482311155026,
      0.12441587422471624,
      0.18435216815375913,
      0.3498977271971507,
      0.1692385881837,
      0.1216031566929704,
      0.1596459162632828,
      0.1265172378934096,
      0.4142321126655979,
      0.25331933995379813,
      -0.006475828532762476,
      0.45027110109962504,
      0.29937833775636014,
      -0.3085146097621727,
      0.30113152860958375,
      0.4453897894136725,
      0.6830522837400792,
      0.5905045960300007,
      0.17593035789184133,
      0.4799539665786179,
      0.2940698525513441,
      0.25690783885503665,
      0.16282561436947982,
      0.07181541254298844,
      0.2578897628891741,
      0.41015551082624285,
      0.056199593802969273,
      0.25580773788228656,
      0.1395327482263562,
      0.24428521179148321,
      0.28868766954779496,
      0.007200229430068542,
      0.34587287926385396,
      0.16982804560473697,
      0.36043022322827517,
      0.43797032005578707,
      0.13686219835529612,
      0.17379495205657924,
      0.06818948576470601,
      0.200920979678063,
      0.05217474114607963,
      0.5027135437805572,
      0.37308290979187875,
      0.18872192159349807,
      0.14660814270335007,
      0.12521729819752647,
      0.0,
      0.19259994913649497,
      0.06277672222482619,
      0.03773034652087374,
      0.05457137939796418,
      -0.010024622754573201,
      0.07188691105212149,
      0.07639829094334945,
      -0.03773034652087363,
      -0.03773034652086941,
      0.07021991348908656,
      0.2979780205364534,
      0.28913712023547816,
      0.08867120908174471,
      0.03773034652086941,
      0.40788328401229373,
      0.0,
      0.06708385676464854,
      0.0,
      -0.037730346520873675,
      -0.03773034652086941,
      0.39026133060041696,
      0.5408167382519196,
      0.08940773366334812,
      0.0,
      0.321594345066721,
      0.3804758257050015,
      -0.0013946770362912222,
      -0.03773034652087369,
      0.003638955432809948,
      -0.006307186272201575,
      0.10650215716039017,
      0.04468929781326766
    ],
    [
      -0.08205352946608967,
      0.005002857906311208,
      0.5832730970375857,
      0.15785156606282352,
      0.11956492984706031,
      1.0,
      0.38536047112697924,
      0.08867298917840802,
      0.027473063101382592,
      -0.01323771794668935,
      0.030278230358628554,
      0.048997656502623874,
      0.21892148443374093,
      0.8661917040595332,
      0.17902990880680977,
      0.25655093269682766,
      0.044238511882642974,
      0.017249550549317653,
      0.1526200062110991,
      0.06743886373113724,
      0.01945983172141712,
      -0.013959548813951521,
      0.04813933263282783,
      0.10150268302332024,
      0.059587180585453495,
      0.3514518016826154,
      0.2596597639201923,
      0.01751730514311449,
      0.06060676669189355,
      0.09888983237474316,
      0.0717560583589712,
      0.030523157740725407,
      0.019232860018848136,
      0.05550778114477582,
      -0.1609419622427254,
      0.18257884407649516,
      0.015742230589281533,
      0.0921374463107004,
      0.09579447273800107,
      0.8265214615650592,
      0.02365017789914038,
      -0.011847159614380478,
      0.13875716297446739,
      0.3475560956031476,
      0.05748483133155017,
      0.051994690018370426,
      0.04579777230075397,
      0.0015101151598208454,
      0.051777994561138546,
      0.2763476970410709,
      0.054856606101334256,
      0.20447529654872018,
      -0.0005618193505872539,
      0.017816481341575645,
      0.16570542971872626,
      0.06121018051255071,
      0.06041217292878022,
      0.12782827245969625,
      0.3146168949379166,
      -0.027151068198255475,
      0.047423308585837404,
      0.0762991520611622,
      0.12393864660219463,
      0.11559577198535476,
      0.08466151413673333,
      0.040845723403523104,
      -0.03289718452370889,
      0.0,
      0.026079606565062762,
      -0.09448750546703343,
      -0.042531211243650696,
      0.0661015049944507,
      0.10413280431555262,
      0.27607502025731656,
      0.12821174818122197,
      0.042531211243651355,
      0.04253121124357723,
      0.17272588488831966,
      0.03900309614038212,
      0.04074622659848444,
      0.18335549787898167,
      -0.04253121124357723,
      0.02198445709974399,
      0.0,
      0.07511449312651682,
      0.0,
      0.042531211243650856,
      0.04253121124357723,
      0.0958378623781619,
      0.10737775230159913,
      0.4608858180889189,
      0.0,
      0.09936870199283707,
      0.05052032624109282,
      -0.0027625681433891503,
      0.042531211243651175,
      0.007414437845159287,
      0.0876027652432799,
      0.2686813364192676,
      -0.03992940011195237
    ],
    [
      -0.2637744746098081,
      0.1897777385294509,
      0.28112502097422065,
      0.4231229372450852,
      0.359564135776068,
      0.38536047112697924,
      1.0,
      0.34087167873146995,
      0.20511129234866607,
      0.08298314891636965,
      0.11955916797834243,
      0.18139683388371308,
      0.3049291980383586,
      0.3233603222453513,
      0.16974226024783998,
      0.26200226406377125,
      0.2533840133272449,
      0.15417375192687205,
      0.5164061779234869,
      0.1945306801477555,
      -0.06072733324961599,
      0.1799339595949733,
      0.14983610727750601,
      0.235904608128971,
      0.2577621476963544,
      0.19868837476700893,
      0.20660642956280428,
      0.0016635210685669456,
      0.1917377098433376,
      0.3431382217333669,
      0.13248239595118694,
      0.043243668442840215,
      0.1834142829809064,
      0.1932368114287305,
      -0.3818313190509875,
      0.13706893327451547,
      0.16695557752127912,
      0.37129891053804426,
      0.42247895631426424,
      0.43590008057705787,
      0.14725301964457688,
      0.05553761647327153,
      0.4418790160945319,
      0.3161641203706704,
      0.1487413527098198,
      0.27934696785763097,
      0.26205393025473844,
      0.04535133394914942,
      0.19816675058734765,
      0.20151983817900587,
      0.18668340608647205,
      0.500810164915157,
      -4.0172713207179026e-05,
      0.055351860434717376,
      0.23315429626420103,
      0.22872192430638624,
      0.1761034552650143,
      0.235212105468653,
      0.2947330324632907,
      0.008216164251416927,
      0.1846749919624476,
      0.0862312781662175,
      0.371442816887299,
      0.2905018408536248,
      0.15766634437854013,
      0.14022314243411535,
      0.05453385895645408,
      0.0,
      0.11615145019185089,
      -0.02936924110390504,
      0.017249944422773503,
      0.05940133877841206,
      -0.014891069674548063,
      0.16257153644001152,
      0.15212421304301965,
      -0.017249944422773465,
      -0.01724994442277351,
      0.15858004514192695,
      0.15157628406817805,
      0.1338144795406957,
      0.1612662680026145,
      0.01724994442277351,
      0.10257692727672106,
      -0.0,
      -0.0037851017053789756,
      0.0,
      -0.017249944422773507,
      -0.01724994442277351,
      0.4216892994603323,
      0.31440994710948766,
      0.23399075180059767,
      0.0,
      0.2508429990440916,
      0.3249228616710973,
      0.01730831767274035,
      -0.017249944422773524,
      -0.01739359473015497,
      -0.0343479515572575,
      0.2090745406868577,
      0.008081679873439215
    ],
    [
      -0.2785244880263388,
      0.1754690310708531,
      0.07822173153451174,
      0.45493043763072644,
      0.4054628646576737,
      0.08867298917840802,
      0.34087167873146995,
      1.0,
      0.11945038642209108,
      0.05299422211963446,
      0.12584822652981445,
      0.1002141954142538,
      0.18584922294219328,
      0.07554936422975,
      0.10226684050937031,
      0.12625053745683643,
      0.21644088529327288,
      0.1526646612530477,
      0.31917301758464495,
      0.16778493092846677,
      0.12660814254616,
      0.1380854335215293,
      0.14757216886227797,
      0.1537623312586588,
      0.2114909568596503,
      0.10071800440641929,
      0.11096809204214542,
      0.055780917231543464,
      0.0991447406709381,
      0.31130044445627536,
      0.14995596220292381,
      0.006297213542107382,
      0.18045485485796497,
      0.19183659687788898,
      -0.239445788783367,
      0.07067188019877595,
      0.13078000944281706,
      0.39997203590262864,
      0.4268985173933746,
      0.13171279435128036,
      0.0962792999231563,
      0.07330784547547736,
      0.3270968939755287,
      0.1177977812350925,
      0.07926430420907422,
      0.38790503929077014,
      0.29839964641301037,
      0.030811945227197865,
      0.20380404358490767,
      0.10766619626903792,
      0.18583869744570058,
      0.27042454889229645,
      -0.008571527760600705,
      0.051455571012312,
      0.13758174990810473,
      0.22771973723642397,
      0.07968879334769019,
      0.16170012327308753,
      0.21388692792390596,
      -0.03016571048742499,
      0.2691644153362175,
      0.051975928891802296,
      0.5292758567420837,
      0.4409494025648446,
      0.12067904297947285,
      0.15138137802719878,
      0.10902803700211554,
      0.0,
      0.17974278439379432,
      0.05055938072683893,
      -1.4597033466004803e-06,
      0.06997280573934919,
      -0.02861470431070926,
      0.06609987735313351,
      0.0773638494502742,
      1.459703346615404e-06,
      1.4597033456092517e-06,
      0.11668584677723663,
      0.21324665962586814,
      0.24418299335105054,
      0.08769992086477549,
      -1.4597033456092517e-06,
      0.0729047820245663,
      0.0,
      0.011900111280831467,
      0.0,
      1.4597033466099068e-06,
      1.4597033456092517e-06,
      0.6405307487502694,
      0.3607305206811886,
      0.1327396225822102,
      0.0,
      0.17371914925901397,
      0.362125284401404,
      0.007704575034293042,
      1.4597033466224492e-06,
      -0.09173082326773317,
      -0.02492498639634101,
      0.13119433649840706,
      -0.003029485320159586
    ],
    [
      -0.22999848187103852,
      0.04210909929247203,
      0.017381105026568373,
      0.13738658901607387,
      0.23565183964385197,
      0.027473063101382592,
      0.20511129234866607,
      0.11945038642209108,
      1.0,
      0.6785151081497363,
      0.10270701996757167,
      0.3212114010956644,
      0.05271560710928025,
      -0.04666401435104679,
      0.028268416340832395,
      0.04930442433793129,
      0.4399136536465466,
      0.47569008525157114,
      0.1671359024801844,
      0.202389139375938,
      -0.02503163341173556,
      0.06948887431222846,
      0.1230562130801123,
      0.1774743395247757,
      0.6772166432211326,
      0.03557379663933288,
      0.009658917131495543,
      0.13590506629195515,
      0.023050064640015928,
      0.18244886002611077,
      0.10370860585130963,
      0.02047296001584126,
      0.39373393057420575,
      0.5110743782046668,
      -0.47141129089951683,
      0.24759192674735553,
      0.39657396979258575,
      0.38242917082324274,
      0.1510439132939856,
      0.05070956984448715,
      0.5271768306978624,
      0.20843890915659535,
      0.2505476751683047,
      0.07236467775286239,
      0.0768221943967252,
      0.17173563879480996,
      0.16610069708448125,
      0.10826611926598044,
      0.4089554130261382,
      0.004040502678398012,
      0.3643790719068016,
      0.03182072363919077,
      0.012486779571507485,
      0.23162742147929513,
      0.062410051952270174,
      0.3544996079554336,
      0.5002197401618605,
      0.0889554178470919,
      0.0713185346986057,
      0.07798171162854782,
      0.11088547692945437,
      0.10926936209629741,
      0.08697759096323528,
      0.11956063271518885,
      -0.008745503020338408,
      0.10833602951846252,
      0.27011815125987965,
      0.0,
      -0.03165822105869596,
      0.23334985110043685,
      0.030570544821151128,
      0.0016816014063549892,
      0.005027473769378194,
      0.013292305639128815,
      0.05337192252806056,
      -0.030570544821150875,
      -0.030570544821217738,
      0.02477494946529076,
      0.3659575900424602,
      -0.03501899822170998,
      0.030752352142796868,
      0.030570544821217738,
      0.3654489562029638,
      -0.0,
      0.02208943106885766,
      0.0,
      -0.030570544821151135,
      -0.030570544821217738,
      0.048556913784798574,
      0.34004442027189974,
      0.02443884457260267,
      0.0,
      0.017750268050601176,
      0.1621695776366102,
      0.006869905562197155,
      -0.03057054482115113,
      -0.023083508768451208,
      0.013638254680974274,
      0.03599147637172289,
      0.03986962682100263
    ],
    [
      -0.1866803098943221,
      0.013128522472715348,
      -0.010451923254213737,
      0.06699294166937665,
      0.1865024890036477,
      -0.01323771794668935,
      0.08298314891636965,
      0.05299422211963446,
      0.6785151081497363,
      1.0,
      0.06397007028215469,
      0.0847495514472075,
      0.02916141732747515,
      -0.07489533392182579,
      0.005122891643938211,
      0.025747094994614767,
      0.4662787051906733,
      0.506128112437697,
      0.06098566346711559,
      0.16803422879510535,
      -0.04459687624169883,
      0.03384879129352939,
      0.06404066925100019,
      0.07152869339894877,
      0.6954715262076301,
      -0.005016996202638384,
      -0.004941322932273115,
      0.10609880272618398,
      -0.006989994521014969,
      0.12145439799112562,
      0.058890415873818706,
      0.008191154641972589,
      0.4756660907646911,
      0.5570469824339245,
      -0.2740714682143153,
      0.2667601197179245,
      0.4226193765100209,
      0.410715398887916,
      0.08322193389915905,
      -0.0031214675615871376,
      0.3269553435457043,
      0.24310411904124696,
      0.12182865119164983,
      0.03550872078552262,
      0.011382006117465659,
      0.09772589768078954,
      0.1439757313345611,
      0.1305120212804244,
      0.3066419041478104,
      -0.011422234744380609,
      0.2808349108900123,
      -0.015016135109103193,
      0.008851408006856958,
      0.1860226793536518,
      0.029295874732680756,
      0.42674139964841584,
      0.29773714060275097,
      0.029439215745590424,
      0.005888853741876479,
      0.07127519440146521,
      0.07158321036105107,
      0.1281907757009379,
      0.006624529559553241,
      0.04367789511159747,
      -0.03539259981053108,
      0.06660864734974224,
      0.28479446071069414,
      0.0,
      -0.03152900938070589,
      0.18295425183625433,
      -0.001662899559481934,
      -0.008949989205763986,
      0.020181330194581074,
      0.0024124703646100265,
      0.03892934777306423,
      0.001662899559481953,
      0.0016628995594804832,
      0.016721440146113074,
      0.37599512793000733,
      -0.05390004922072964,
      0.01586617393176485,
      -0.0016628995594804832,
      0.2679668176703013,
      0.0,
      0.018592816041940533,
      0.0,
      0.0016628995594819486,
      0.0016628995594804832,
      -0.040633596070332616,
      0.34666325394761976,
      -0.01545757557338351,
      0.0,
      -0.03920519217814374,
      0.08914085515411513,
      -0.002177425181561348,
      0.0016628995594819528,
      -0.02053336027421098,
      0.012430870796767416,
      0.016834331870816784,
      0.023790176865695335
    ],
    [
      -0.10558188537825186,
      0.07579007586181803,
      0.028997164843867242,
      0.19058130733585335,
      0.3405511605490579,
      0.030278230358628554,
      0.11955916797834243,
      0.12584822652981445,
      0.10270701996757167,
      0.06397007028215469,
      1.0,
      0.05545333095914764,
      0.07818581871025326,
      0.004759139941070944,
      0.047042088616888085,
      0.06495225013795243,
      -0.11831799402518416,
      0.2895272911960882,
      0.11039651616430295,
      -0.019202398085997635,
      -0.2502344250729753,
      0.03657671139686908,
      0.011627946382349237,
      0.0855120529458647,
      0.12476279591531031,
      0.0450171633583322,
      0.036473474869885156,
      0.06364244612078655,
      0.020788830847584486,
      0.1496192949610957,
      0.07113900846625099,
      -0.019477883527475263,
      0.27797909544163363,
      0.03128728783521169,
      0.04285482537222484,
      0.1431710368325227,
      0.24364148407824146,
      0.2558012381927218,
      0.15521145493976793,
      0.048568477704652606,
      0.3147976478672341,
      0.18410815020252033,
      0.3579532608999648,
      0.06174897573616095,
      0.03233676012491756,
      0.07401830831133012,
      0.3843415969434702,
      0.01731477996044892,
      0.048796820118472854,
      0.03437097197212897,
      0.04650282193211001,
      0.07253546048168151,
      0.0061288767941168115,
      0.2347101679613848,
      0.07894083223075388,
      0.10606237736870824,
      0.2862515725818239,
      0.04872947900824235,
      0.05502083775162355,
      0.03777870448200694,
      0.10184709838923718,
      0.01614962607372514,
      0.15187961785982668,
      0.1188227741996815,
      0.05625528722669269,
      0.061865640030097306,
      0.027392296500366637,
      0.0,
      0.046015785562750336,
      0.05261936749146874,
      0.015391849559558638,
      0.010399075666472217,
      -0.057352118226159786,
      0.029122082090251585,
      0.023679404848452584,
      -0.015391849559558758,
      -0.015391849559544209,
      0.024637207539830636,
      0.13985906908888476,
      0.062204500038501864,
      0.04579104777590892,
      0.015391849559544209,
      0.23893545212866132,
      0.0,
      0.022543441768402766,
      0.0,
      -0.015391849559558657,
      -0.015391849559544209,
      0.11204895300430313,
      0.14855305919446354,
      0.01714260340177873,
      0.0,
      0.06216075988290493,
      0.15876770872208654,
      -0.011786503857166116,
      -0.015391849559558704,
      -0.0016157806513016596,
      0.0017118371042191324,
      0.017374133366222334,
      -0.01612334657725656
    ],
    [
      -0.09424906843131364,
      0.11308144584677832,
      0.03632975123254174,
      0.14165761548679132,
      0.10480029406202732,
      0.048997656502623874,
      0.18139683388371308,
      0.1002141954142538,
      0.3212114010956644,
      0.0847495514472075,
      0.05545333095914764,
      1.0,
      0.13964948528721624,
      0.009692527020889616,
      0.07711643048126127,
      0.10337874649881164,
      0.20782846459352095,
      0.10309404719248222,
      0.1077592983904323,
      0.1047917994442887,
      0.023788934228582675,
      0.13656581659046624,
      0.11019759648702053,
      0.11029405549894586,
      0.11395932051691687,
      0.08494979873374252,
      0.06055402106119905,
      0.03496404080081178,
      0.028846206636356408,
      0.0531118263184092,
      0.08655453466831069,
      0.01024730670939433,
      0.0924516242142698,
      0.08251530520196826,
      -0.29515946003651594,
      0.09915128513911105,
      0.07636707283507385,
      0.13692880367684573,
      0.1274623456815719,
      0.08806083460974844,
      0.2004516372331655,
      0.02980014933248009,
      0.1481453024010692,
      0.15523702041269152,
      0.6916962438379213,
      0.0928572658152773,
      0.06736400035749346,
      0.008444953856593418,
      0.13202128084789708,
      0.05184617982739475,
      0.12311722950695154,
      0.021597702691530034,
      -0.011844639280493924,
      0.028847818139055202,
      0.13442232819158967,
      0.10872191821562512,
      0.19282104092086305,
      0.1888878402436836,
      0.15896728160419132,
      0.0073002809329499214,
      0.06832770517620357,
      0.040378113532716184,
      0.10750500455833799,
      0.1102260597118632,
      0.024022688737976576,
      0.03900897515543735,
      0.07247670452706927,
      0.0,
      -0.01537820850716477,
      0.06225358671440542,
      0.019875216307891005,
      0.03080300389088604,
      0.017699617474247857,
      0.04030764947917781,
      0.1706585017400485,
      -0.019875216307890957,
      -0.01987521630792157,
      0.05888003852843468,
      0.10834808201360484,
      0.017663090691661935,
      0.07547046126165584,
      0.01987521630792157,
      0.07487024282346624,
      0.0,
      0.04859909568665985,
      0.0,
      -0.019875216307891005,
      -0.01987521630792157,
      0.07303954771504154,
      0.12340244454723577,
      0.018637019260214868,
      0.0,
      0.09669209085786581,
      0.1081232987639911,
      0.00621796686360512,
      -0.019875216307890912,
      -0.022957055523504334,
      0.001510338919613169,
      0.0950545561047375,
      0.006390431517954081
    ],
    [
      -0.13630843957347577,
      0.2949265723254677,
      0.29727980749877064,
      0.24534087874192415,
      0.18945609430242033,
      0.21892148443374093,
      0.3049291980383586,
      0.18584922294219328,
      0.05271560710928025,
      0.02916141732747515,
      0.07818581871025326,
      0.13964948528721624,
      1.0,
      0.17331912046533807,
      0.46133720287999147,
      0.7260395146460067,
      0.16326523275630114,
      0.0651911221999721,
      0.1789317592517914,
      0.08643789266173371,
      0.016795531071771078,
      0.28135616519004114,
      0.08522739613452929,
      0.08674038839196715,
      0.0955378648576163,
      0.22754398118047012,
      0.5025790044288724,
      0.000822863676954818,
      0.04497967924369386,
      0.14623950054431192,
      0.08649928829022177,
      0.005780147890820904,
      0.09739291395965935,
      0.09016002650700605,
      -0.16571386906397795,
      0.11159149606275771,
      0.07339632918947292,
      0.19613118684249836,
      0.21994991163969593,
      0.27052091748580276,
      0.03425150126781365,
      0.025424966007979683,
      0.14426848454366237,
      0.5399162709515708,
      0.13411143061197056,
      0.12067390150185389,
      0.13036712180653348,
      0.013509289025448788,
      0.08840539000143256,
      0.4117995634966304,
      0.08132283240161313,
      0.14318106424906502,
      -0.0029554504617359933,
      0.021216134037245142,
      0.4795225499989304,
      0.11643704101516163,
      0.047733354865858356,
      0.352793865285515,
      0.3607840143309855,
      -0.008692597265757204,
      0.10071903440521036,
      0.041739861858695944,
      0.18132841797952548,
      0.16327544576652328,
      0.11742487385378476,
      0.05916171954218286,
      0.008768281917826276,
      0.0,
      0.0707981808916158,
      0.021495734007004354,
      0.0028614045107273776,
      0.09262946775028925,
      0.0068769764533488,
      0.25450880773934476,
      0.20952873326394245,
      -0.002861404510727366,
      -0.0028614045107263723,
      0.3634799274602433,
      0.07393455156084729,
      0.0742047596054364,
      0.47600905963382356,
      0.0028614045107263723,
      0.03422329656642734,
      0.0,
      0.10178461226881538,
      0.0,
      -0.0028614045107273707,
      -0.0028614045107263723,
      0.1842860744432739,
      0.14690973708238933,
      0.11791017274631242,
      0.0,
      0.14214110271696032,
      0.17334769314338838,
      0.003581772713298152,
      -0.002861404510727348,
      -0.04373280903786553,
      0.0112425855379868,
      0.25096264632143783,
      -0.035961341569308046
    ],
    [
      -0.056005247295822395,
      0.003873640017892089,
      0.48947811857488793,
      0.12491407400529485,
      0.10130131454651689,
      0.8661917040595332,
      0.3233603222453513,
      0.07554936422975,
      -0.04666401435104679,
      -0.07489533392182579,
      0.004759139941070944,
      0.009692527020889616,
      0.17331912046533807,
      1.0,
      0.14606889367008158,
      0.20184313269964463,
      0.0032855263974888396,
      -0.029746009761165003,
      0.13787274373658456,
      0.036416450415342715,
      0.0054631634447722,
      -0.03118627981821276,
      0.03874659693100135,
      0.08294577915245178,
      -0.011045057397722588,
      0.3104337139724387,
      0.21551662104250138,
      0.0008843430383601855,
      0.05347472072750841,
      0.06479197330720915,
      0.05256298356796113,
      0.023201398646277484,
      -0.030649779063881062,
      0.0001921374812763671,
      -0.11145530965145642,
      0.14103078186225837,
      -0.018110810935163986,
      0.046520599886308224,
      0.08143898127200756,
      0.725248447919313,
      -0.015345452893335982,
      -0.018239488504707153,
      0.12337782891585519,
      0.2853904631863129,
      0.03749446535930592,
      0.03604419661718698,
      0.03784676041142636,
      -0.007598803405416577,
      0.029622900700760194,
      0.23250351984866666,
      0.03457645646653108,
      0.20946269522646524,
      -0.0009143051642834245,
      0.006044985040940719,
      0.13022829166379435,
      0.00379729212011767,
      0.015704672620637263,
      0.09819996657135299,
      0.26837358120498106,
      -0.04376913604419759,
      0.026781511161830366,
      0.044438981547647194,
      0.1098250038189425,
      0.10151275436168007,
      0.06705433042865763,
      0.02708381082435311,
      -0.04776062755776849,
      0.0,
      0.031123946906168997,
      -0.14019541875666777,
      -0.04255272481693795,
      0.05882298278694398,
      0.09126987046362774,
      0.22428935211123235,
      0.10149196860317193,
      0.04255272481693851,
      0.04255272481686839,
      0.1351314196620473,
      -0.004680766786500658,
      0.047683857554033496,
      0.1511701521614091,
      -0.04255272481686839,
      0.0008507403473381335,
      0.0,
      0.06380427108374842,
      0.0,
      0.04255272481693821,
      0.04255272481686839,
      0.09481639169047432,
      0.07896289267486643,
      0.40784999299031555,
      0.0,
      0.09266193434082336,
      0.02335006414430731,
      0.002855006011784337,
      0.04255272481693812,
      0.015797711635575435,
      0.0684433828124479,
      0.22064059803087338,
      -0.0416747731791801
    ],
    [
      -0.08381650041796912,
      0.081549318399634,
      0.2593619505258517,
      0.14657889656783038,
      0.12886215367166431,
      0.17902990880680977,
      0.16974226024783998,
      0.10226684050937031,
      0.028268416340832395,
      0.005122891643938211,
      0.047042088616888085,
      0.07711643048126127,
      0.46133720287999147,
      0.14606889367008158,
      1.0,
      0.6853914232627518,
      0.0733659932858231,
      0.04978394649525064,
      0.13108456887478515,
      0.049623072871803335,
      0.02059981472784807,
      0.24534401184097776,
      0.04969968594981168,
      0.05530614646494558,
      0.050772316782042776,
      0.2462350671096088,
      0.39379163489117397,
      0.0010557669245564903,
      0.03348649234601772,
      0.09282483316715118,
      0.058964735503810754,
      -0.012252903319123657,
      0.04062754456065129,
      0.0395658189924998,
      -0.09740538920828673,
      0.08749434930268009,
      0.028668914874249045,
      0.11526682124658377,
      0.14130759922724773,
      0.1997295528610734,
      0.024122793857212388,
      0.006048161565696294,
      0.08426989414734747,
      0.4903123711723992,
      0.07045875659427461,
      0.06695472217711272,
      0.057602052371739425,
