{
  "factors": [
    "Alpha1",
    "Alpha2",
    "Alpha3",
    "Alpha4",
    "Alpha5",
    "Alpha6",
    "Alpha7",
    "Alpha8",
    "Alpha9",
    "Alpha10",
    "Alpha11",
    "Alpha12",
    "Alpha13",
    "Alpha14",
    "Alpha15",
    "Alpha16",
    "Alpha17",
    "Alpha18",
    "Alpha19",
    "Alpha20",
    "Alpha21",
    "Alpha22",
    "Alpha23",
    "Alpha24",
    "Alpha25",
    "Alpha26",
    "Alpha27",
    "Alpha28",
    "Alpha29",
    "Alpha30",
    "Alpha31",
    "Alpha32",
    "Alpha33",
    "Alpha34",
    "Alpha35",
    "Alpha36",
    "Alpha37",
    "Alpha38",
    "Alpha39",
    "Alpha40",
    "Alpha41",
    "Alpha42",
    "Alpha43",
    "Alpha44",
    "Alpha45",
    "Alpha46",
    "Alpha47",
    "Alpha48",
    "Alpha49",
    "Alpha50"
  ],
  "correlation_matrix": [
    [
      1.0,
      -0.10617802966723433,
      -0.06845748707438928,
      -0.3894814540485327,
      -0.3627582601989862,
      -0.0816779820945887,
      -0.2916795948933528,
      -0.2719918230516617,
      -0.31414207152680806,
      -0.18883455002306884,
      -0.09574467892779664,
      -0.10968591023387658,
      -0.1350776086763885,
      -0.05342843444104588,
      -0.08773354311270593,
      -0.11332323091943751,
      -0.3275761518549578,
      -0.23134039403038795,
      -0.3012154701672577,
      -0.26117493342935233,
      -0.2203544125384317,
      -0.07923211171662801,
      -0.3793045269050257,
      -0.255074104455083,
      -0.413994223154481,
      -0.0535795013431343,
      -0.07793177061221598,
      -0.1648551692501088,
      -0.035705312705059056,
      -0.5493396503735074,
      -0.22699521467488626,
      -0.017499299259833238,
      -0.27899329664900663,
      -0.36963979199811764,
      0.43125543742146716,
      -0.15323526747740035,
      -0.24736166681024757,
      -0.505840116467064,
      -0.3261530221876611,
      -0.08517781898073451,
      -0.19877432479388069,
      -0.13694529214317797,
      -0.24323193598796208,
      -0.1050536908575544,
      -0.0734003397224501,
      -0.19493665568049182,
      -0.22255332657302093,
      -0.0799697872502237,
      -0.2917982747907728,
      -0.05846607839880967
    ],
    [
      -0.18883455002306884,
      0.010034586333584382,
      -0.01170716419048405,
      0.07426341312853792,
      0.1833980010804875,
      -0.005477297249529756,
      0.08649119862740832,
      0.06393704390943335,
      0.8563306286211423,
      1.0,
      0.0630483314067114,
      0.04438054766897785,
      0.02876239130765821,
      -0.060917703551395565,
      0.004896046692508337,
      0.027820109107329374,
      0.47483041154170197,
      0.4994272108992162,
      0.07130189866829016,
      0.1655360568515009,
      -0.04299637761346062,
      0.03780472331861707,
      0.10862703127953292,
      0.09573766725198396,
      0.7061890737111965,
      -0.009919991680334984,
      -0.004997365240059417,
      0.3527283370291392,
      -0.013225507805836737,
      0.14241400816702987,
      0.06672579117148936,
      0.006303379810625844,
      0.46679228411451246,
      0.5634953674426679,
      -0.36981571513346184,
      0.25899761099446994,
      0.40187478537607224,
      0.4126838569839476,
      0.08460623260132745,
      -0.0008656731743757158,
      0.3837230612827574,
      0.2337806648892622,
      0.1423638573557928,
      0.034546569654036866,
      0.01260597098373411,
      0.10606616139400585,
      0.14024534114544027,
      0.18076711702555046,
      0.43497170114883565,
      -0.012668088538192582
    ],
    [
      -0.09574467892779664,
      0.0639372328781158,
      0.023216371287528462,
      0.18062625177225883,
      0.33619742987729406,
      0.017303063992316674,
      0.1018283811884721,
      0.10593663392571932,
      0.09923837057986923,
      0.0630483314067114,
      1.0,
      0.056525376555582305,
      0.062107589187715986,
      -0.004010049720396201,
      0.03850161561690048,
      0.049690576632946515,
      -0.11773945877224053,
      0.2861299049335282,
      0.11521236330322862,
      -0.03333290255345069,
      -0.23621515100174933,
      0.02616280368011243,
      0.026317343040819917,
      0.0898516322017101,
      0.11065275953531693,
      0.041012897405017644,
      0.028392201498190956,
      0.21159033028290836,
      0.017873221768388712,
      0.1437495130380909,
      0.04999911585828663,
      -0.032503706266840654,
      0.2886750621816596,
      0.014508729402997451,
      0.015935666585835024,
      0.14416672991577661,
      0.24396108286903573,
      0.2538825807333395,
      0.15005771299135798,
      0.043817415270617936,
      0.3784851496000274,
      0.20382476168291322,
      0.3665101553664412,
      0.0515475652167813,
      0.04001352274698774,
      0.06934764200837974,
      0.3600227432940632,
      0.04011055842916213,
      0.06506500915890048,
      0.029837313233949087
    ],
    [
      -0.10968591023387658,
      0.12993853038018666,
      0.053366110044024036,
      0.16355011051679785,
      0.10807929760650599,
      0.07384469982360191,
      0.19348848074776404,
      0.11719710544763992,
      0.07189282365726773,
      0.04438054766897785,
      0.056525376555582305,
      1.0,
      0.17776011162265629,
      0.054009273755002564,
      0.09476011718315573,
      0.13158265824180126,
      0.20294471831409333,
      0.07055231225773832,
      0.1294888345535591,
      0.10864232266834306,
      0.008851353346137562,
      0.14211057473340363,
      0.1321636387539597,
      0.10968979318162343,
      0.07039901543697469,
      0.09421338127965219,
      0.07771859510463988,
      0.026635871807126368,
      0.004149441307566456,
      0.08345659760450638,
      0.06800722173181349,
      -0.00012563333861934523,
      0.0848685356621523,
      0.05042545722567028,
      -0.1942051396666243,
      0.09009224978449092,
      0.054241886336614496,
      0.14302748136644003,
      0.13639226730188642,
      0.11251227655915104,
      0.04071357501543763,
      0.014523669255619147,
      0.13669439655807544,
      0.1790670235492972,
      0.795272388509064,
      0.07617573785745511,
      0.07859641979425477,
      0.03582190748619185,
      0.08043902439911847,
      0.07228948448794752
    ],
    [
      -0.1350776086763885,
      0.28899178765392514,
      0.29458182132185995,
      0.24502855056891124,
      0.18527272501413383,
      0.22221101232962326,
      0.34850641599283544,
      0.18454952423021082,
      0.06908933319647612,
      0.02876239130765821,
      0.062107589187715986,
      0.17776011162265629,
      1.0,
      0.17990841105283953,
      0.4553556851680992,
      0.7148733793964506,
      0.16447227503058984,
      0.059104600831701305,
      0.23209052512886466,
      0.085208760193525,
      0.022718010560447376,
      0.28558941066449794,
      0.13463056613611132,
      0.13563231614789212,
      0.09272958474327256,
      0.23051814297582937,
      0.49749814717160656,
      -0.0017526219978155422,
      0.048189792400061264,
      0.14400071287354227,
      0.08571593084526827,
      0.0063961845510600805,
      0.09043840507085553,
      0.08635386441879765,
      -0.2371716412797644,
      0.11028155586502611,
      0.06913270508624939,
      0.1927461343152092,
      0.21556378626876385,
      0.27192059765040666,
      0.04497228448071496,
      0.023010979265714868,
      0.1687880822767188,
      0.5323750022381016,
      0.1402180282195476,
      0.1382737109191197,
      0.13764637135494232,
      0.02142725003702254,
      0.11238617291167725,
      0.40954710734591215
    ],
    [
      -0.05342843444104588,
      -0.008700089806392353,
      0.5172821681754945,
      0.10532000184095283,
      0.08122798618664379,
      0.8529140576636588,
      0.2788670988015338,
      0.06683779495975638,
      -0.03456312973103676,
      -0.060917703551395565,
      -0.004010049720396201,
      0.054009273755002564,
      0.17990841105283953,
      1.0,
      0.15964153825508934,
      0.21689833865102437,
      0.014833992934652923,
      -0.02460163051822988,
      0.10044645936199208,
      0.038518240180362595,
      -0.0017354029773089439,
      -0.01781466299601273,
      0.06396214184998658,
      0.06684173390227309,
      -0.010457430714060242,
      0.29005846898070703,
      0.2283508316255932,
      -0.0536688649496096,
      0.04931834665814779,
      0.05384172872899883,
      0.04373215850091588,
      -0.0038703011027097535,
      -0.02851229748533681,
      0.004722285246005032,
      -0.09661090111529759,
      0.15499443487693992,
      -0.023071308895768708,
      0.029010589715170437,
      0.06637333941387687,
      0.717665425946267,
      -0.01572540175850874,
      -0.024941364616366122,
      0.06865183471635748,
      0.28803036689870615,
      0.043268518076286885,
      0.01891094977822682,
      0.009544310428812501,
      -0.011658751170481605,
      0.023053859197072816,
      0.25065673070204947
    ],
    [
      -0.08773354311270593,
      0.06718546444332955,
      0.2658634419287463,
      0.1485321463740865,
      0.12605072769599543,
      0.18858228046077052,
      0.1895235209354812,
      0.09939301783742238,
      0.0340516899497492,
      0.004896046692508337,
      0.03850161561690048,
      0.09476011718315573,
      0.4553556851680992,
      0.15964153825508934,
      1.0,
      0.688518807450182,
      0.07730912020601312,
      0.044790368967393836,
      0.1568812528714951,
      0.04656879497045204,
      0.01822757568572332,
      0.2463864123382188,
      0.07452531274837579,
      0.07911234212189953,
      0.047260233434702814,
      0.2476773358769597,
      0.3979095468015089,
      -0.012506102020662378,
      0.03343342067459346,
      0.10054468102896838,
      0.0573191778471406,
      -0.015141886647613118,
      0.03954290123719377,
      0.03886870679929261,
      -0.1400089037709908,
      0.08117985606172738,
      0.023500430820046724,
      0.11523524929227705,
      0.13836158787231503,
      0.20630207972628428,
      0.023984826751143204,
      0.000661150309204961,
      0.09053343408031825,
      0.48469395837962703,
      0.07184299949703113,
      0.07674122868677158,
      0.06430293586454594,
      0.008428466690974972,
      0.05826412804180945,
      0.35963189135647466
    ],
    [
      -0.11332323091943751,
      0.11629001775894424,
      0.37199149855237196,
      0.1758298985376776,
      0.13924283432146373,
      0.2703563941753673,
      0.2993009706241166,
      0.12446876878516454,
      0.06607020021191737,
      0.027820109107329374,
      0.049690576632946515,
      0.13158265824180126,
      0.7148733793964506,
      0.21689833865102437,
      0.688518807450182,
      1.0,
      0.11740990349026248,
      0.07152834924614679,
      0.1782251900577534,
      0.08507841567062432,
      0.010238289131648584,
      0.3372494693483717,
      0.11396773408643666,
      0.11624714793020598,
      0.08505530112968339,
      0.26149268945077914,
      0.48530993659986327,
      -0.005099778542054031,
      0.033682217025887584,
      0.12425236757977187,
      0.06793391345582513,
      -0.015333247469600552,
      0.07315809440363277,
      0.07292221106381738,
      -0.19571178802379305,
      0.10065981746865958,
      0.047851107694294064,
      0.1509746783499988,
      0.1527250058723771,
      0.30028551906735557,
      0.03403137357053423,
      0.03439260587030784,
      0.12142453175090376,
      0.623547557669599,
      0.10284424571849332,
      0.11149340833518304,
      0.06596205252484064,
      0.019292352307325403,
      0.09312675308881471,
      0.3987973625464898
    ],
    [
      -0.3275761518549578,
      0.13740191716754732,
      0.055969537969458284,
      0.2760086284260838,
      0.36643627852955757,
      0.048584810239792504,
      0.29431279857700404,
      0.21599760003298488,
      0.5465566790530344,
      0.47483041154170197,
      -0.11773945877224053,
      0.20294471831409333,
      0.16447227503058984,
      0.014833992934652923,
      0.07730912020601312,
      0.11740990349026248,
      1.0,
      0.377973236666439,
      0.33114078690847737,
      0.1913315801850741,
      0.15601394444147618,
      0.08578834312324102,
      0.16167052569605064,
      0.14792780677817408,
      0.6048908564752752,
      0.08375715803389076,
      0.07378052084704809,
      0.2955684576233453,
      0.05165419615477808,
      0.3381002577931749,
      0.14289568251699789,
      0.005542317692457001,
      0.42326514975737617,
      0.46184779125792785,
      -0.6278328133357408,
      0.2601046355172998,
      0.3725590730925615,
      0.5633676953143425,
      0.32832460966523525,
      0.07063531157743633,
      0.33794637589246074,
      0.1785012126215408,
      0.06544991102538143,
      0.14758862631288067,
      0.15162391607556144,
      0.210638192386601,
      0.1435406118439522,
      0.14004661896402126,
      0.43912709103572545,
      0.06805178439202401
    ],
    [
      -0.23134039403038795,
      0.038525399061868484,
      0.023185789592068975,
      0.149323231395376,
      0.4093224451426532,
      0.009465125996075836,
      0.16024661520625932,
      0.14150111698065754,
      0.5751548850092735,
      0.4994272108992162,
      0.2861299049335282,
      0.07055231225773832,
      0.059104600831701305,
      -0.02460163051822988,
      0.044790368967393836,
      0.07152834924614679,
      0.377973236666439,
      1.0,
      0.13571955874959976,
      -0.1310275369844914,
      0.011030305205972946,
      0.07118102344214548,
      0.15197783210560437,
      0.19368464668560206,
      0.577929176937709,
      0.014017935997723056,
      0.03348807641885505,
      0.5090940597799,
      0.01650784853575487,
      0.24115433683882134,
      0.10248223570233278,
      -0.002153379719089504,
      0.8197457675586954,
      0.44433012011606393,
      -0.37405860514536077,
      0.36604938198048487,
      0.6436652654167035,
      0.6423983422409542,
      0.19785229098209234,
      0.023093287824390626,
      0.7068535751113447,
      0.5601147078177899,
      0.1935392033164094,
      0.08010395567143754,
      0.038705382360203704,
      0.14899559946136443,
      0.3935886855413931,
      0.1420988894585561,
      0.3872683012101498,
      0.01233196619178565
    ],
    [
      -0.3012154701672577,
      0.22335778823921343,
      0.12495088800801576,
      0.54561008253215,
      0.5102230867285458,
      0.11470871200249437,
      0.46961449302979347,
      0.38408332815312435,
      0.1393572153758862,
      0.07130189866829016,
      0.11521236330322862,
      0.1294888345535591,
      0.23209052512886466,
      0.10044645936199208,
      0.1568812528714951,
      0.1782251900577534,
      0.33114078690847737,
      0.13571955874959976,
      1.0,
      0.1558397457796326,
      0.1699622279542804,
      0.07121289501405362,
      0.24941400948121528,
      0.23290988424315012,
      0.21421626115391354,
      0.21779678718267595,
      0.16200129560588028,
      0.07846745363544975,
      0.2988422679237455,
      0.3390675281250692,
      0.2010062329033128,
      0.021186066194798524,
      0.18445639129100994,
      0.18065204148005803,
      -0.4460023162827678,
      0.17761772437107298,
      0.18274430790642515,
      0.5200311908996976,
      0.8089253424820367,
      0.1782519449501703,
      0.12192395686946567,
      0.0888273351044525,
      0.31232754661213163,
      0.19969061314887446,
      0.10005233995911428,
      0.3196923023623517,
      0.3386031411918212,
      0.03852768271859132,
      0.2258294809499832,
      0.16966180766301112
    ],
    [
      -0.10617802966723433,
      1.0,
      -0.002223909082555707,
      0.21715604272553884,
      0.17478479525849663,
      -0.01048161427535325,
      0.19257376796739933,
      0.16149877942187119,
      0.0303417391911984,
      0.010034586333584382,
      0.0639372328781158,
      0.12993853038018666,
      0.28899178765392514,
      -0.008700089806392353,
      0.06718546444332955,
      0.11629001775894424,
      0.13740191716754732,
      0.038525399061868484,
      0.22335778823921343,
      0.05241970741165528,
      0.04711314273103304,
      0.05106276099929036,
      0.08002168236224354,
      0.10226857682331456,
      0.057112115726375735,
      0.15162906402224696,
      0.17794922321550272,
      0.013075518229892282,
      0.06260581464078209,
      0.09761692902237852,
      0.06408215471930864,
      -0.001863432210553249,
      0.07324243235608953,
      0.04771750920921599,
      -0.18204540298766836,
      0.03632954815146148,
      0.050162570529983276,
      0.1814549158254165,
      0.230876028854008,
      0.10896588174212134,
      0.03084474569109877,
      0.014975093834102251,
      0.12774650159332843,
      0.1235598239620284,
      0.10338070555391249,
      0.12373676275393033,
      0.12887368035711141,
      0.008694042814220761,
      0.07607763584528486,
      0.1838472045467963
    ],
    [
      -0.26117493342935233,
      0.05241970741165528,
      0.04168244638845046,
      0.28282484304437916,
      0.11121550496452255,
      0.07147691055095697,
      0.19753891551205108,
      0.16037629133314538,
      0.2327230113411181,
      0.1655360568515009,
      -0.03333290255345069,
      0.10864232266834306,
      0.085208760193525,
      0.038518240180362595,
      0.04656879497045204,
      0.08507841567062432,
      0.1913315801850741,
      -0.1310275369844914,
      0.1558397457796326,
      1.0,
      0.08723218928853024,
      0.06298258667300226,
      0.2639129509250219,
      0.13604377245913485,
      0.26841896585624647,
      0.019546509987791887,
      0.02855914733054538,
      -0.07189866593172729,
      0.012317425178711944,
      0.25238673023920094,
      0.11708157818086483,
      0.028642872594598166,
      -0.1183071734383559,
      0.2202756590167001,
      -0.26580216269424456,
      -0.03829148061773986,
      -0.08251250956911693,
      0.09835898457024245,
      0.17551657571975707,
      0.06854641570886556,
      -0.1430804229146686,
      -0.08755280929258503,
      0.15587394374737196,
      0.07871788186665303,
      0.09281709646921148,
      0.10591143457412751,
      -0.053046106565545356,
      0.05081746777238854,
      0.19535322344438177,
      0.032893449742042495
    ],
    [
      -0.2203544125384317,
      0.04711314273103304,
      0.0035615022059809934,
      0.14333950716659913,
      0.13133530513352062,
      0.002144218643531452,
      -0.00215148374765826,
      0.1323411261334043,
      -0.0072635655373782144,
      -0.04299637761346062,
      -0.23621515100174933,
      0.008851353346137562,
      0.022718010560447376,
      -0.0017354029773089439,
      0.01822757568572332,
      0.010238289131648584,
      0.15601394444147618,
      0.011030305205972946,
      0.1699622279542804,
      0.08723218928853024,
      1.0,
      0.0015709704287908592,
      0.2554036532370317,
      0.06565153668751433,
      0.043507314010975386,
      0.02779931658869441,
      0.030780855350721645,
      0.01579409503763784,
      0.022819168990333295,
      0.08398537226563428,
      0.10094290066455956,
      0.013464721173415933,
      0.009015663629001086,
      0.1250284568799465,
      -0.2831646270489538,
      -0.011818252637136224,
      0.03886515373055098,
      0.14730848269885077,
      0.18102163518554684,
      -0.004122398138675455,
      0.02376863007686532,
      0.01297594533051153,
      -0.22155827087464466,
      -0.009580454456430992,
      0.008073621122474757,
      0.07040049790413361,
      -0.10572333215198439,
      -0.006410019840276514,
      0.09796902781961765,
      0.03472103475799812
    ],
    [
      -0.07923211171662801,
      0.05106276099929036,
      -0.007034255805826405,
      0.11388250375300875,
      0.08457632995307104,
      -0.005175784820803727,
      0.18638014247846676,
      0.13548979629096453,
      0.06345464310613017,
      0.03780472331861707,
      0.02616280368011243,
      0.14211057473340363,
      0.28558941066449794,
      -0.01781466299601273,
      0.2463864123382188,
      0.3372494693483717,
      0.08578834312324102,
      0.07118102344214548,
      0.07121289501405362,
      0.06298258667300226,
      0.0015709704287908592,
      1.0,
      0.09415267677478424,
      0.08009953927751128,
      0.08394811343957566,
      0.1442565278878828,
      0.18811452461881467,
      0.019638357992945683,
      -0.05081649692795119,
      0.09949784107384146,
      0.07127409733503784,
      -0.004785147796390213,
      0.06412115555279684,
      0.08023005355230925,
      -0.1356606881919726,
      0.0021006290824236054,
      0.05247462939263113,
      0.1074178773860255,
      0.07867670711704625,
      -0.01906479996323072,
      0.048760392161912344,
      0.028684088700904085,
      0.1201720795815586,
      0.4960885945965106,
      0.11281581981905488,
      0.05179880010637751,
      0.06506238960124218,
      0.010710921312396265,
      0.06870473135559094,
      0.07117428601168353
    ],
    [
      -0.3793045269050257,
      0.08002168236224354,
      0.07729756613696437,
      0.31130077092522646,
      0.2324759458697048,
      0.07533356050232248,
      0.2501335009030132,
      0.23843205390725927,
      0.1807249843220036,
      0.10862703127953292,
      0.026317343040819917,
      0.1321636387539597,
      0.13463056613611132,
      0.06396214184998658,
      0.07452531274837579,
      0.11396773408643666,
      0.16167052569605064,
      0.15197783210560437,
      0.24941400948121528,
      0.2639129509250219,
      0.2554036532370317,
      0.09415267677478424,
      1.0,
      0.23329871172269695,
      0.23784485499129276,
      0.02998648163180729,
      0.07517697196598469,
      0.06752872842877487,
      0.04379029751460621,
      0.337137600947434,
      0.1599633212926685,
      0.019139512284087973,
      0.18238977664440764,
      0.26712758488689603,
      -0.32091355747529465,
      0.07150046882174962,
      0.137259278516649,
      0.348942649857353,
      0.2836334197467942,
      0.0866048959453374,
      0.08626970369362545,
      0.10700895583747186,
      0.15186802983242398,
      0.10808904758114686,
      0.09670331389769836,
      0.15856919952243984,
      0.1666423448038429,
      0.02931142982207136,
      0.24479716388102174,
      0.05551004998020457
    ],
    [
      -0.255074104455083,
      0.10226857682331456,
      0.08261986646325772,
      0.287994446392088,
      0.24738686698323423,
      0.09749968930027532,
      0.24490515474813987,
      0.21611734135079255,
      0.17299048792937144,
      0.09573766725198396,
      0.0898516322017101,
      0.10968979318162343,
      0.13563231614789212,
      0.06684173390227309,
      0.07911234212189953,
      0.11624714793020598,
      0.14792780677817408,
      0.19368464668560206,
      0.23290988424315012,
      0.13604377245913485,
      0.06565153668751433,
      0.08009953927751128,
      0.23329871172269695,
      1.0,
      0.20153699768921132,
      0.08407856132461348,
      0.08312688542330433,
      0.09242057135371759,
      0.043916721478101224,
      0.2832716439716704,
      0.17118217350895415,
      0.25738183106827955,
      0.20755568961316734,
      0.17522998926056235,
      -0.2673960399776772,
      0.10532532723294172,
      -0.0061973414047865084,
      0.323507776830323,
      0.21749321255371404,
      0.10957355040095818,
      0.11100974378797505,
      0.22715441191726535,
      0.1708472804908262,
      0.10294458042116522,
      0.08855294494810204,
      0.15142879196457532,
      0.28062729373244855,
      0.036426132034114954,
      0.16812747388437496,
      0.07525304780014885
    ],
    [
      -0.413994223154481,
      0.057112115726375735,
      0.040607786992303295,
      0.27000765008592426,
      0.3380858573451001,
      0.0567077304001009,
      0.251785677662086,
      0.2094123973346938,
      0.7861965761509289,
      0.7061890737111965,
      0.11065275953531693,
      0.07039901543697469,
      0.09272958474327256,
      -0.010457430714060242,
      0.047260233434702814,
      0.08505530112968339,
      0.6048908564752752,
      0.577929176937709,
      0.21421626115391354,
      0.26841896585624647,
      0.043507314010975386,
      0.08394811343957566,
      0.23784485499129276,
      0.20153699768921132,
      1.0,
      0.021388324117901255,
      0.03991599381186079,
      0.38519098364444115,
      0.013385003596058853,
      0.49002779128567553,
      0.14557674354610858,
      0.01796117213582861,
      0.5777032883243248,
      0.6859919923273531,
      -0.5657353515051795,
      0.29185879606918874,
      0.47707597798619167,
      0.6198953895473428,
      0.2512412017744498,
      0.059595949794497796,
      0.4193563062302571,
      0.27816427595663196,
      0.2705808308492951,
      0.10253005264252156,
      0.016284402226210963,
      0.2023276355009204,
      0.24262258072251552,
      0.19532150507896087,
      0.5566674931052098,
      0.01981890387572911
    ],
    [
      -0.0535795013431343,
      0.15162906402224696,
      0.22375139774354716,
      0.1805740017696138,
      0.16743010161640806,
      0.33119253563245854,
      0.17367556331978298,
      0.10058331539957693,
      0.012712711238810489,
      -0.009919991680334984,
      0.041012897405017644,
      0.09421338127965219,
      0.23051814297582937,
      0.29005846898070703,
      0.2476773358769597,
      0.26149268945077914,
      0.08375715803389076,
      0.014017935997723056,
      0.21779678718267595,
      0.019546509987791887,
      0.02779931658869441,
      0.1442565278878828,
      0.02998648163180729,
      0.08407856132461348,
      0.021388324117901255,
      1.0,
      0.25087720532038427,
      -0.007474830417390851,
      0.09308088079081324,
      0.05676873892109403,
      0.054404207828277554,
      -0.014541017196025864,
      0.01966369659991315,
      0.023027738775275954,
      -0.13940627393382884,
      0.18070296782058184,
      0.015120266130946153,
      0.11627055539737798,
      0.22824207949222525,
      0.3756680096449544,
      0.02578836293941349,
      -0.01575148965187047,
      0.05452214293594295,
      0.3938598931201391,
      0.08459224907710508,
      0.10611369051387805,
      0.0914007798571387,
      0.0005600213304363724,
      0.04330824634578805,
      0.2960243681533634
    ],
    [
      -0.07793177061221598,
      0.17794922321550272,
      0.4176506051087458,
      0.14529024070637686,
      0.11670815658364617,
      0.2699014738484328,
      0.23516026223233744,
      0.10442446145520783,
      0.017646869063953918,
      -0.004997365240059417,
      0.028392201498190956,
      0.07771859510463988,
      0.49749814717160656,
      0.2283508316255932,
      0.3979095468015089,
      0.48530993659986327,
      0.07378052084704809,
      0.03348807641885505,
      0.16200129560588028,
      0.02855914733054538,
      0.030780855350721645,
      0.18811452461881467,
      0.07517697196598469,
      0.08312688542330433,
      0.03991599381186079,
      0.25087720532038427,
      1.0,
      -0.023397945782758615,
      0.04169539233079919,
      0.08704259391276004,
      0.04947492586408271,
      0.002061779575123585,
      0.04580191125543815,
      0.03456907792826073,
      -0.1481439606831596,
      0.1014943609100272,
      0.02531063890349247,
      0.121086205096198,
      0.13677823447753243,
      0.3069306840042793,
      0.014594923483698369,
      0.010502888297344129,
      0.09383060122469312,
      0.3931854856862996,
      0.060519845294162475,
      0.08205694299405611,
      0.09340803409118927,
      -0.003262094645403979,
      0.05604316504738888,
      0.5563797888357458
    ],
    [
      -0.1648551692501088,
      0.013075518229892282,
      -0.0280966584029747,
      0.026447690317595047,
      0.383224253784508,
      -0.035552477361282926,
      0.05742336342240999,
      0.06982461215203306,
      0.4058696425864083,
      0.3527283370291392,
      0.21159033028290836,
      0.026635871807126368,
      -0.0017526219978155422,
      -0.0536688649496096,
      -0.012506102020662378,
      -0.005099778542054031,
      0.2955684576233453,
      0.5090940597799,
      0.07846745363544975,
      -0.07189866593172729,
      0.01579409503763784,
      0.019638357992945683,
      0.06752872842877487,
      0.09242057135371759,
      0.38519098364444115,
      -0.007474830417390851,
      -0.023397945782758615,
      1.0,
      -0.0213495677314827,
      0.16354241216288706,
      0.13889709919049076,
      -0.04188563028848048,
      0.505667916263623,
      0.32106691988406116,
      -0.2243426892294893,
      0.28577790190976643,
      0.46889356347836036,
      0.3950718569814816,
      0.12694375995551707,
      -0.03169057187497416,
      0.694637564774432,
      0.3834951627854971,
      0.10472913171522633,
      0.003942512775054145,
      0.008122677115913513,
      0.061817387958233896,
      0.22704035322275035,
      0.09923728500716696,
      0.27691641285467083,
      -0.02858222392987222
    ],
    [
      -0.035705312705059056,
      0.06260581464078209,
      0.05085592235347757,
      0.16600721773244104,
      0.14408852274122042,
      0.05188075235567832,
      0.1896733220507373,
      0.10941582849414622,
      -0.003983050457407117,
      -0.013225507805836737,
      0.017873221768388712,
      0.004149441307566456,
      0.048189792400061264,
      0.04931834665814779,
      0.03343342067459346,
      0.033682217025887584,
      0.05165419615477808,
      0.01650784853575487,
      0.2988422679237455,
      0.012317425178711944,
      0.022819168990333295,
      -0.05081649692795119,
      0.04379029751460621,
      0.043916721478101224,
      0.013385003596058853,
      0.09308088079081324,
      0.04169539233079919,
      -0.0213495677314827,
      1.0,
      0.04630821575782939,
      0.031064106628175717,
      0.009118519798269943,
      0.020067739486166872,
      0.01615527575671887,
      -0.08327383936905924,
      0.24950097289567638,
      0.013412630576754158,
      0.11213805009928157,
      0.332249110801145,
      0.06392990342283084,
      -0.0029251316350203207,
      0.02058222077718874,
      0.187758332000549,
      0.04675854804224947,
      -0.005050270200325321,
      0.10220411433135672,
      0.07554452963011765,
      -0.015195856204300603,
      0.042826378150569534,
      0.06399712350604568
    ],
    [
      -0.06845748707438928,
      -0.002223909082555707,
      1.0,
      0.10680212410258035,
      0.09289602864527742,
      0.6108607924335712,
      0.29198695305493316,
      0.07960655640867877,
      0.014170200524485397,
      -0.01170716419048405,
      0.023216371287528462,
      0.053366110044024036,
      0.29458182132185995,
      0.5172821681754945,
      0.2658634419287463,
      0.37199149855237196,
      0.055969537969458284,
      0.023185789592068975,
      0.12495088800801576,
      0.04168244638845046,
      0.0035615022059809934,
      -0.007034255805826405,
      0.07729756613696437,
      0.08261986646325772,
      0.040607786992303295,
      0.22375139774354716,
      0.4176506051087458,
      -0.0280966584029747,
      0.05085592235347757,
      0.08457252958529987,
      0.02108677249999916,
      0.013844448177142183,
      0.032192455326197654,
      0.043637063263619005,
      -0.1262753836887146,
      0.11577319463147004,
      0.03280008579231347,
      0.08028942553443218,
      0.06997893148174678,
      0.5404608166794568,
      0.015472315669490042,
      0.006163899730144104,
      0.08310152425904013,
      0.30300969228377905,
      0.03970835390429527,
      0.04844632777329158,
      0.05128830974238359,
      -0.006150239879642024,
      0.047935079548183164,
      0.4303444549734315
    ],
    [
      -0.5493396503735074,
      0.09761692902237852,
      0.08457252958529987,
      0.4545993108163159,
      0.4076053723938609,
      0.09084885167913627,
      0.3483697422053196,
      0.30301272652434963,
      0.2827007729113388,
      0.14241400816702987,
      0.1437495130380909,
      0.08345659760450638,
      0.14400071287354227,
      0.05384172872899883,
      0.10054468102896838,
      0.12425236757977187,
      0.3381002577931749,
      0.24115433683882134,
      0.3390675281250692,
      0.25238673023920094,
      0.08398537226563428,
      0.09949784107384146,
      0.337137600947434,
      0.2832716439716704,
      0.49002779128567553,
      0.05676873892109403,
      0.08704259391276004,
      0.16354241216288706,
      0.04630821575782939,
      1.0,
      0.21892358753319274,
      0.00804006081628454,
      0.2990920195384508,
      0.3529251528652149,
      -0.4158265273341355,
      0.1572611715380082,
      0.2567171928837323,
      0.5294568260615204,
      0.36716854014579337,
      0.09752532488527552,
      0.204740226371112,
      0.147240403398902,
      0.361067233579382,
      0.13025394050099687,
      0.04409335052178852,
      0.21326666968135,
      0.3282363007724894,
      0.08541966676715265,
      0.29772840861680794,
      0.054163279579627334
    ],
    [
      -0.22699521467488626,
      0.06408215471930864,
      0.02108677249999916,
      0.20068031801131528,
      0.22156184373471444,
      0.07282421251811981,
      0.13641267258444628,
      0.12286174888164092,
      0.11530161893761284,
      0.06672579117148936,
      0.04999911585828663,
      0.06800722173181349,
      0.08571593084526827,
      0.04373215850091588,
      0.0573191778471406,
      0.06793391345582513,
      0.14289568251699789,
      0.10248223570233278,
      0.2010062329033128,
      0.11708157818086483,
      0.10094290066455956,
      0.07127409733503784,
      0.1599633212926685,
      0.17118217350895415,
      0.14557674354610858,
      0.054404207828277554,
      0.04947492586408271,
      0.13889709919049076,
      0.031064106628175717,
      0.21892358753319274,
      1.0,
      0.031306236398439546,
      0.11290584933082487,
      0.13663558997112904,
      -0.18703598642607105,
      0.10509305967139164,
      0.0874118374332368,
      0.24280663809838385,
      0.29404750022139015,
      0.06620164530782317,
      0.08875478169983046,
      0.08310163672784075,
      0.06939419623293967,
      0.07320741026892895,
      0.05256166191899898,
      0.10434882749584364,
      0.15062168473123713,
      0.035189004881087525,
      0.12235047763379008,
      0.028955463312855142
    ],
    [
      -0.017499299259833238,
      -0.001863432210553249,
      0.013844448177142183,
      0.015696426256335445,
      -0.01674998059258838,
      0.0013256064401024853,
      0.017747258000636004,
      0.009426844841602146,
      0.009646275882452588,
      0.006303379810625844,
      -0.032503706266840654,
      -0.00012563333861934523,
      0.0063961845510600805,
      -0.0038703011027097535,
      -0.015141886647613118,
      -0.015333247469600552,
      0.005542317692457001,
      -0.002153379719089504,
      0.021186066194798524,
      0.028642872594598166,
      0.013464721173415933,
      -0.004785147796390213,
      0.019139512284087973,
      0.25738183106827955,
      0.01796117213582861,
      -0.014541017196025864,
      0.002061779575123585,
      -0.04188563028848048,
      0.009118519798269943,
      0.00804006081628454,
      0.031306236398439546,
      1.0,
      0.02666979160348062,
      0.003693530596021367,
      -0.02752667514963595,
      -0.03791182874155194,
      -0.059197130236539414,
      0.03244676589675522,
      -0.018272728267982093,
      -0.02618222871635408,
      -0.0663292127495937,
      0.0788313752077506,
      0.016075747960464615,
      -0.028583431898431894,
      -0.006733327622599825,
      0.020243623080382786,
      0.04400528602887206,
      -0.01288571212816658,
      -0.004712616067590448,
      -0.029653725143239433
    ],
    [
      -0.27899329664900663,
      0.07324243235608953,
      0.032192455326197654,
      0.19617688781558462,
      0.4319671097750654,
      0.009297313760111482,
      0.21540700939352742,
      0.17040772497958415,
      0.5359338135763773,
      0.46679228411451246,
      0.2886750621816596,
      0.0848685356621523,
      0.09043840507085553,
      -0.02851229748533681,
      0.03954290123719377,
      0.07315809440363277,
      0.42326514975737617,
      0.8197457675586954,
      0.18445639129100994,
      -0.1183071734383559,
      0.009015663629001086,
      0.06412115555279684,
      0.18238977664440764,
      0.20755568961316734,
      0.5777032883243248,
      0.01966369659991315,
      0.04580191125543815,
      0.505667916263623,
      0.020067739486166872,
      0.2990920195384508,
      0.11290584933082487,
      0.02666979160348062,
      1.0,
      0.44232554843000077,
      -0.4373813128801098,
      0.359752993517018,
      0.6633236627663059,
      0.7902400626562763,
      0.2358096544339447,
      0.02708542945692905,
      0.6775551527316113,
      0.6666967281983338,
      0.2310702173421043,
      0.0914182874764807,
      0.05032272881995399,
      0.18232092488217846,
      0.5161473936029235,
      0.16184923131992443,
      0.3798613437782379,
      0.017597810545048147
    ],
    [
      -0.36963979199811764,
      0.04771750920921599,
      0.043637063263619005,
      0.21016552713482872,
      0.2886149936704331,
      0.05355915354954373,
      0.20936502407669527,
      0.18979304864649268,
      0.640459851384702,
      0.5634953674426679,
      0.014508729402997451,
      0.05042545722567028,
      0.08635386441879765,
      0.004722285246005032,
      0.03886870679929261,
      0.07292221106381738,
      0.46184779125792785,
      0.44433012011606393,
      0.18065204148005803,
      0.2202756590167001,
      0.1250284568799465,
      0.08023005355230925,
      0.26712758488689603,
      0.17522998926056235,
      0.6859919923273531,
      0.023027738775275954,
      0.03456907792826073,
      0.32106691988406116,
      0.01615527575671887,
      0.3529251528652149,
      0.13663558997112904,
      0.003693530596021367,
      0.44232554843000077,
      1.0,
      -0.4455694254641861,
      0.2523340075739443,
      0.4025233540265984,
      0.4881089385524691,
      0.21858682615950373,
      0.052473671164400326,
      0.37035234119945953,
      0.2193677730098656,
      0.16843707736948188,
      0.0949066162823237,
      0.028830022272841434,
      0.15778650608507433,
      0.1723690779140885,
      0.1519994201910311,
      0.43917409975499266,
      0.020912103181672234
    ],
    [
      0.43125543742146716,
      -0.18204540298766836,
      -0.1262753836887146,
      -0.44147251316053304,
      -0.45852863268106586,
      -0.15237645729599864,
      -0.46050827997327254,
      -0.33287730879313077,
      -0.46231528820615914,
      -0.36981571513346184,
      0.015935666585835024,
      -0.1942051396666243,
      -0.2371716412797644,
      -0.09661090111529759,
      -0.1400089037709908,
      -0.19571178802379305,
      -0.6278328133357408,
      -0.37405860514536077,
      -0.4460023162827678,
      -0.26580216269424456,
      -0.2831646270489538,
      -0.1356606881919726,
      -0.32091355747529465,
      -0.2673960399776772,
      -0.5657353515051795,
      -0.13940627393382884,
      -0.1481439606831596,
      -0.2243426892294893,
      -0.08327383936905924,
      -0.4158265273341355,
      -0.18703598642607105,
      -0.02752667514963595,
      -0.4373813128801098,
      -0.4455694254641861,
      1.0,
      -0.22961276642603104,
      -0.35633856891159793,
      -0.659740161823791,
      -0.45039768078253895,
      -0.2010008301294837,
      -0.3008328400171721,
      -0.19937261645187668,
      -0.13275706232352394,
      -0.23881892991988982,
      -0.1507183194400354,
      -0.32948736612438284,
      -0.21300558214914575,
      -0.12436680323196178,
      -0.44533857226769724,
